6.809210904682987398e-01 3.561844496036148389e-01 -6.399055449173985943e-01
7.464488904097363875e-01 3.275554227120230921e-01 -5.792421765186142046e-01
7.542290673089782072e-01 4.009451214977996503e-01 -5.199822339016432204e-01
7.960303770270881207e-01 4.797219443728261146e-01 -3.690562219191908522e-01
8.127707722937433932e-01 5.472211295190534397e-01 -1.998817328144899819e-01
7.859507349443174418e-01 6.071966161975275167e-01 1.165920731386141385e-01
7.540237875850112070e-01 6.287087376416286011e-01 1.901931938031008185e-01
6.959014386116493256e-01 6.457664732655669093e-01 3.141764627472728444e-01
6.164472723682768995e-01 6.682718835483867359e-01 4.164198002597894188e-01
6.270349225643445656e-01 6.564926944088692595e-01 4.193382263430194823e-01
4.938637376213088626e-01 6.921649316329662183e-01 5.263138950096625246e-01
3.793197240009619220e-01 7.352183937240992506e-01 5.617565847532093315e-01
2.566712099991641516e-01 7.266841308256645204e-01 6.372205771659553708e-01
1.499094496257446230e-01 7.254891860239426338e-01 6.717087150508199711e-01
-4.719955216479318483e-03 7.857519763275503388e-01 6.185236888916245679e-01
-2.154316067588961034e-02 8.144160033807624766e-01 5.798814237974851959e-01
-1.042154858492361919e-01 7.842520393572143256e-01 6.116272322855301757e-01
-1.447789946654425841e-01 7.982345134799198050e-01 5.846885531572680872e-01
-2.363203986711936155e-01 8.444599673441183230e-01 4.806662383869483857e-01
-2.567443973216131381e-01 8.597552701883003357e-01 4.414784137728640645e-01
-2.598890220491282266e-01 8.942617129225074457e-01 3.643537910043624928e-01
-2.617619988498338657e-01 9.210418874285266622e-01 2.883790865514288537e-01
-2.288524644653537055e-01 9.557223273877802905e-01 1.849902225541084355e-01
-1.653913788500006865e-01 9.638542601962328815e-01 2.088795272487660448e-01
-1.296778789536696119e-01 9.714229462964346640e-01 1.987991627719583598e-01
-1.344790928625536619e-01 9.871311843702530453e-01 8.652975457405420734e-02
-9.882226057650546347e-02 9.932225714997562349e-01 6.118075087771594062e-02
-6.054748111551289808e-02 9.968028181352160955e-01 5.213582538195614402e-02
-4.144603478109278039e-02 9.980085790269204171e-01 4.755105035213614412e-02
-6.332139544498257763e-03 9.996334247149465391e-01 -2.632337747053261137e-02
2.923126974262385547e-02 9.977216926354880444e-01 -6.080260614324673601e-02
2.937816490373631323e-02 9.919027202267164389e-01 -1.235553197305933326e-01
6.476113800300639656e-02 9.805601769552719782e-01 -1.852234714446342190e-01
1.241461525274781680e-01 9.583594541333144701e-01 -2.571670458785877411e-01
1.192700975999834573e-01 9.583421716959983350e-01 -2.595282754681814130e-01
3.216141991289655500e-01 8.856813271402106391e-01 -3.348624996529013242e-01
3.958344150000786543e-01 8.457033219484648701e-01 -3.579120103417551824e-01
4.630970369264028053e-01 7.887475364077912721e-01 -4.042504894253389214e-01
4.892740350476047495e-01 7.459164954806528636e-01 -4.519065173219970477e-01
5.213192206815729923e-01 5.238406994999046384e-01 -6.736595517733031668e-01
4.864395104724648644e-01 4.639595681934769456e-01 -7.403499994820228469e-01
4.203487799949182091e-01 3.504023326120414561e-01 -8.369737800294727581e-01
3.205412485679204893e-01 3.632589336874217367e-01 -8.748121255805706431e-01
8.885251135292664137e-02 3.120595281385175057e-01 -9.458985580516781067e-01
-1.043575557872136877e-01 3.004739730506815198e-01 -9.480637594957720404e-01
-2.492706367857855099e-01 2.786114046753886409e-01 -9.274911508048020448e-01
-4.057286924388530669e-01 2.420332110489326061e-01 -8.813649374017560323e-01
-7.371126081526655494e-01 1.696115834676350798e-01 -6.541382985699405461e-01
-8.462895342761750372e-01 1.802420302436157917e-01 -5.013051313404582876e-01
-9.264867368869531550e-01 1.686922995938801295e-01 -3.364004078925799668e-01
-9.656004123854790011e-01 2.177929995844796740e-01 -1.420635524439256281e-01
-9.454869117571580439e-01 3.069742797722296856e-01 1.087257616861472542e-01
-9.281767485387051320e-01 2.802696792758169742e-01 2.448199958147783406e-01
-8.807812458875494688e-01 3.228993623652111067e-01 3.463529972108169708e-01
-7.986761102102786225e-01 3.391371817259646870e-01 4.970939981033254407e-01
-7.465316050434309680e-01 3.774685109341364697e-01 5.479124801685435475e-01
-6.259202170090281125e-01 3.974578228953526970e-01 6.710075714614982534e-01
-5.760265813211423724e-01 4.399694144880894608e-01 6.889269133416731083e-01
-5.036450238493807019e-01 4.741337786752318761e-01 7.221764672646866501e-01
-4.015042667074195104e-01 5.370718897403632397e-01 7.418545066699079316e-01
-1.703192811920378746e-01 6.076317511978824859e-01 7.757415790006503276e-01
-1.029649568510276891e-01 6.158118946412096673e-01 7.811363056977120856e-01
-1.025024571257086847e-02 6.331950404983955893e-01 7.739243975680487608e-01
1.134041498140163362e-01 6.212403675194243524e-01 7.753708174604526659e-01
2.572948101983169034e-01 6.279812296953057871e-01 7.344650813996427274e-01
3.063896768256361702e-01 6.425938214045509023e-01 7.022809598923910324e-01
3.763425162416467185e-01 6.725926993614441685e-01 6.371698134991894413e-01
4.945583596149738526e-01 6.652327627654920361e-01 5.593544495919708925e-01
5.402707220540776678e-01 7.302756397263521215e-01 4.180969228700835982e-01
6.388889722897190815e-01 7.198289821245976716e-01 2.714168704779643115e-01
6.425654173607001640e-01 7.397951651187955058e-01 1.995314463409796346e-01
6.925509378396725868e-01 7.142807375088718880e-01 1.008772844656915940e-01
7.718146129526608501e-01 6.154366358760068323e-01 -1.598122349958147059e-01
8.054438835958918075e-01 5.539725718379649999e-01 -2.106526525567579688e-01
7.990783710208793078e-01 4.835440043256309384e-01 -3.572939306052541064e-01
7.615275647662763658e-01 4.383181598405775370e-01 -4.774441944930472581e-01
7.006056379594333139e-01 5.163746941314785177e-01 -4.924519421426596377e-01
6.234180778810983758e-01 3.760684723215094172e-01 -6.855088652211602795e-01
5.366993704443888680e-01 3.326553135282603324e-01 -7.754316398922675990e-01
4.965954958698704513e-01 3.340272796726035387e-01 -8.011358748154259191e-01
4.208548275319382026e-01 3.362227042897684703e-01 -8.425173631819924402e-01
2.781316779950360751e-01 2.184420699281915401e-01 -9.353747012727854360e-01
2.747155700399934175e-01 2.024942645133949726e-01 -9.399613973013895007e-01
1.870740853586429497e-01 1.471775854849798060e-01 -9.712579703240733497e-01
1.534081294249096394e-01 7.347666886528179953e-02 -9.854273818799699214e-01
4.859148867421297230e-02 5.522855163463883527e-02 -9.972906669134949942e-01
-4.068598123646278986e-02 -1.491471447682329345e-02 -9.990606599315684511e-01
-4.000412132489351846e-02 8.496926080548536288e-04 -9.991991534721670343e-01
-5.797056295199767145e-02 -1.440997408930286619e-02 -9.982142888567434591e-01
-1.842470175516920106e-01 -2.771205140414129478e-02 -9.824892257578607957e-01
-1.976877045951866141e-01 -1.337652943639094927e-02 -9.801737804655474839e-01
-2.383931294746412244e-01 1.153879912228209653e-02 -9.711001863526248501e-01
-2.518325724607688443e-01 5.249060009910514954e-03 -9.677565824197755795e-01
-3.155027157147429206e-01 1.173100900160357115e-03 -9.489239485917194683e-01
-3.724688815735748282e-01 -9.975572773943675031e-03 -9.279910668789662642e-01
-3.813168951337823076e-01 1.596148709675263705e-02 -9.243065813977483502e-01
-4.069300640528883406e-01 6.137653308909828825e-02 -9.113949989745803171e-01
-4.638649092430659482e-01 -3.790886296265104372e-02 -8.850944944364986799e-01
-4.860673756616325503e-01 -1.561769787713324954e-02 -8.737817770075271273e-01
-5.377134750173185873e-01 -1.492162632458416717e-02 -8.429955894621447010e-01
-5.589067631163198158e-01 6.330543430097132496e-02 -8.268105297653164376e-01
-5.872224207437949373e-01 5.531533241459921785e-02 -8.075333074094590557e-01
-6.525984526433694644e-01 2.030175639416165190e-01 -7.299994029714623744e-01
-7.448738147240485663e-01 2.684598208060758329e-01 -6.108128393798000211e-01
-8.088842579464411431e-01 3.089393782210589356e-01 -5.002626488464043675e-01
-8.287521106727898657e-01 3.920518627356287533e-01 -3.993310355844129078e-01
-8.791102013567799744e-01 4.493903335889827821e-01 -1.587878520140143246e-01
-8.716141085718316361e-01 4.780376510738129081e-01 -1.084843301788927933e-01
-8.729847729705914050e-01 4.875581989743380529e-01 1.358634514447017508e-02
-8.651637672119518729e-01 4.966023358794808829e-01 6.984107604173077355e-02
-7.838869154774130710e-01 5.730873733451676832e-01 2.389396707448208923e-01
-7.483918245967668970e-01 5.776553805071378278e-01 3.259201409055231813e-01
-6.931672167717921607e-01 6.280027950442552687e-01 3.537395920863966592e-01
-5.749133320307991957e-01 6.459098976466360886e-01 5.022699122736263844e-01
-4.727506839322688781e-01 6.721654152221900880e-01 5.698249252364736561e-01
-4.168376458963884423e-01 6.637038841521191168e-01 6.210825477542801787e-01
-3.744845411658975776e-01 6.736823840319855483e-01 6.371133132126086673e-01
-2.913378343800036574e-01 6.490287827426363121e-01 7.027687424966916341e-01
-1.707656892682104521e-01 6.485508214779042158e-01 7.417687721447221438e-01
-1.615013682384261462e-01 6.383895105836225881e-01 7.525796574675128747e-01
-2.522445852596271187e-01 5.846898827931710230e-01 7.710450117642334567e-01
-2.572789253271406951e-01 6.204888743244110216e-01 7.408111172371381059e-01
-3.143671513937706941e-01 6.330508914924010133e-01 7.074036067940580041e-01
-3.940090847087915349e-01 6.786287114087444783e-01 6.198547517109530558e-01
-4.055146361127806576e-01 7.149685977032921302e-01 5.695417317427293735e-01
-4.192653039992257913e-01 7.265421680774027946e-01 5.443832132494753617e-01
-4.000466150406489230e-01 7.871333108711608961e-01 4.694505902771060613e-01
-4.305172653754345546e-01 8.587780214155987801e-01 2.777682381899825304e-01
-3.994123822959134706e-01 8.888766520182800335e-01 2.244282655225861567e-01
-3.595545417513881792e-01 9.244211255464173105e-01 1.271460347374007149e-01
-3.081592741967528193e-01 9.473182196850872261e-01 8.732727168077207558e-02
-1.285877666746056414e-01 9.877654027084519228e-01 -8.823092130226702079e-02
-7.130936580485289222e-02 9.851380509303780952e-01 -1.562625833576472278e-01
-5.266539184196984691e-02 9.472307741996750519e-01 -3.161964846598011580e-01
-5.251184813062753642e-02 9.212834335887197801e-01 -3.853301711531098572e-01
1.339193396681820445e-03 7.651820043477004507e-01 -6.438126332897499138e-01
-1.604000527381307939e-02 6.984798232660024420e-01 -7.154499666092032362e-01
1.331757506429105285e-03 5.737715001203138598e-01 -8.190143417984989682e-01
1.869063347178774245e-02 5.260565800381366008e-01 -8.502441618846923177e-01
-2.267444442344850497e-04 3.608400509134038203e-01 -9.326276889754931965e-01
-8.718660506126555635e-04 3.100882394691693578e-01 -9.507073806342837274e-01
-5.591036453120751260e-02 2.050580613087062132e-01 -9.771515863111016609e-01
-5.537995605172525704e-02 1.625880948047039865e-01 -9.851386561776396267e-01
-2.225381431358499362e-01 4.638798878236597562e-02 -9.738197622488338201e-01
-2.269616139721738202e-01 -5.247581096717635063e-02 -9.724889279814362686e-01
-2.834445294344741795e-01 -5.279547649802094483e-02 -9.575342481577443499e-01
-3.926506769996848667e-01 -1.324196485727724415e-01 -9.101046547093101236e-01
-4.090043756615066028e-01 -2.014467548211084924e-01 -8.900194524063983481e-01
-6.177006323310926250e-01 -1.701707315276155819e-01 -7.677811217717745995e-01
-6.921885739012019201e-01 -1.300413972792559547e-01 -7.099043690204189794e-01
-7.578396915977609893e-01 -6.309268662103464931e-02 -6.493830262133054587e-01
-7.960737582887857933e-01 -9.237885722011522638e-02 -5.981076141487191578e-01
-9.122161569273915527e-01 5.930506972560708329e-02 -4.053943657051258809e-01
-9.810601612400775551e-01 3.565308492729144657e-02 -1.903938485423322668e-01
-9.851401344128165594e-01 1.329271899517809608e-01 -1.087624831484687860e-01
-9.857771018821362974e-01 1.627083965544617039e-01 4.206522430145973046e-02
-9.501583926085120924e-01 2.299116657819205156e-01 2.105698337677806009e-01
-9.140311561750745772e-01 2.152588072342739023e-01 3.438178172365915497e-01
-8.451594839524051439e-01 2.423165192089690723e-01 4.764327352352622502e-01
-7.542948887625600118e-01 2.336271704106741010e-01 6.135613791892209345e-01
-4.766586942636900637e-01 3.691985390738884987e-01 7.978025619967265003e-01
-3.079687981078026437e-01 4.522913848788879809e-01 8.370111842480799647e-01
-1.590017407888141554e-01 6.016625961788439891e-01 7.827646943912710542e-01
-2.689902521784126588e-02 5.884352394017519083e-01 8.080967834811204620e-01
2.097316784837925940e-01 6.613263929799936269e-01 7.201805502708623630e-01
2.738233821092612708e-01 7.161967482669862051e-01 6.419368918998508144e-01
3.865305869758968171e-01 7.554100289528513645e-01 5.291028193929049328e-01
4.448557805326694425e-01 7.675831849778477212e-01 4.614318895199297499e-01
5.427602285613635225e-01 8.113307127175738431e-01 2.171492779016553631e-01
6.047868388704367160e-01 7.961554942486983588e-01 1.921740114363703136e-02
5.589983171255369365e-01 8.034076507377201359e-01 -2.050781026509531646e-01
5.010200978490657597e-01 8.116767657569711192e-01 -3.002660311817101357e-01
4.963363734952087047e-01 7.932537109152174581e-01 -3.527020760710963265e-01
3.346393216402798187e-01 7.262927654040547409e-01 -6.004292991967197235e-01
3.027896369886881600e-01 6.304438243345001913e-01 -7.147440241728142407e-01
2.275027428648752625e-01 5.655518831205454955e-01 -7.927127912981871694e-01
1.592539818053103906e-01 4.917254090055457882e-01 -8.560632519957170894e-01
8.681763092451869057e-02 2.720409977459142814e-01 -9.583613068702542259e-01
6.723361352672913016e-02 2.297565590972948102e-01 -9.709230478075540072e-01
4.804818151375716412e-02 7.280961294802627826e-02 -9.961877998226938979e-01
6.142565708499004434e-02 -4.441042116711148291e-02 -9.971231634775298280e-01
1.254221876124843593e-01 -1.574942792529541724e-01 -9.795227546397741181e-01
2.122946904141833069e-01 -2.274403989147885108e-01 -9.503693120905304381e-01
2.727849295400261442e-01 -2.800412520584741882e-01 -9.204158187261697321e-01
3.751306290580168068e-01 -3.615530854677362904e-01 -8.535551402992641590e-01
5.016591830557010079e-01 -3.859136645659031473e-01 -7.742148975298799307e-01
5.978939936656072485e-01 -3.982959799847123894e-01 -6.956170531740927254e-01
6.790841961499287649e-01 -3.402168538811062293e-01 -6.504591815591868054e-01
7.370267946633588529e-01 -4.047040865652833941e-01 -5.413003845053266927e-01
8.315646295120791009e-01 -3.626406961937050366e-01 -4.207041625757744763e-01
8.713989864420140785e-01 -3.889945503570857444e-01 -2.989097626714780076e-01
8.836390938140790130e-01 -4.066844066314650452e-01 -2.319261634362247693e-01
8.878945849660360157e-01 -4.420320861882112151e-01 -1.274787855609255671e-01
8.709281240179348460e-01 -4.844084221022459946e-01 -8.266004712685079414e-02
7.188076439443525922e-01 -6.904093074800384811e-01 -8.155096046094435780e-02
6.460568725587410022e-01 -7.448312291135992247e-01 -1.668441115435116140e-01
5.513568890188502714e-01 -8.128910072478949811e-01 -1.876533806435629614e-01
5.113182949392133247e-01 -8.327387045189497128e-01 -2.123672556129054256e-01
4.099866906015242618e-01 -8.697687562791329707e-01 -2.746146830201547373e-01
3.476371318603101446e-01 -8.728116225172093401e-01 -3.425613757428204731e-01
3.153658859957432781e-01 -8.644973312000313603e-01 -3.913933089593422676e-01
2.917312955295886523e-01 -8.240826218078352028e-01 -4.855725318044178951e-01
3.739283881228352979e-01 -7.266779837200820769e-01 -5.762956433397483647e-01
4.256632525275484413e-01 -6.012215915463235971e-01 -6.762716860154461829e-01
5.271423323807230554e-01 -5.573900646944202064e-01 -6.414337668007207283e-01
5.953263643235595648e-01 -4.168328205185000690e-01 -6.869038649475518454e-01
5.914982171818322643e-01 -3.292585987516505885e-01 -7.360153763467265353e-01
6.070025866265510439e-01 -1.972547206273737308e-01 -7.698301338729819365e-01
5.907693495248722559e-01 -7.438209099933022761e-02 -8.034045557504181367e-01
5.534631950094305308e-01 -2.104278052705918414e-03 -8.328709766727558916e-01
5.362057458195501614e-01 1.588399528701530117e-01 -8.290073989551042244e-01
5.071512214468635316e-01 2.629292761369002585e-01 -8.207714872819840135e-01
4.603363471570415255e-01 3.508902385251418399e-01 -8.154547737268331709e-01
3.923615665566532740e-01 4.433550119454620075e-01 -8.059086390354976981e-01
1.603893518099588078e-01 5.874038792610146720e-01 -7.932414124685451817e-01
8.980174671140245257e-02 7.020911847257284011e-01 -7.064018789740047488e-01
-3.454208775668893977e-02 7.598858490405902000e-01 -6.491381521689126854e-01
-1.552345139925497552e-01 8.593604107753775034e-01 -4.872390892133669493e-01
-2.796273170238863237e-01 8.746221303729762031e-01 -3.960362264185686709e-01
-4.783370137242170528e-01 8.458941097514015572e-01 -2.359170540450220288e-01
-5.961893497319947777e-01 7.890364904312019423e-01 -1.482554418365576998e-01
-6.120930344397824685e-01 7.898456889671865433e-01 -3.854743584532745876e-02
-6.369090353041743091e-01 7.696360809973497030e-01 4.480160237030546277e-02
-7.617582662769355473e-01 6.015686407182896378e-01 2.404984703966051851e-01
-7.245060480879519371e-01 5.861292841701951639e-01 3.626891899714035361e-01
-7.749548694701543505e-01 4.764267015663722904e-01 4.152861041728737046e-01
-7.223048256180524263e-01 4.574861326449432553e-01 5.186349171878501529e-01
-6.530275532956723028e-01 3.765165863933667145e-01 6.571075062783517939e-01
-5.776944543289856959e-01 4.067617457114532376e-01 7.076821317959826052e-01
-4.917772521887542880e-01 4.662130357287216365e-01 7.353914192770324432e-01
-4.438260624211552985e-01 4.066207151603222214e-01 7.985474439995665641e-01
-2.839626498593755821e-01 4.093118297257455351e-01 8.670807572143460762e-01
-2.062035691161630824e-01 4.424923392488019913e-01 8.727431568278716245e-01
-1.551374837424412956e-01 4.847872175190021116e-01 8.607634488454116717e-01
-7.104004232089915216e-02 4.994195512313608920e-01 8.634427741517737287e-01
2.425335584967559452e-03 4.713490258433335467e-01 8.819434299227137952e-01
5.749881148192993729e-02 4.824346069151947414e-01 8.740427545199073167e-01
2.147686810375408206e-01 4.169965862578969285e-01 8.831694405348586852e-01
3.502886091614417219e-01 4.481637445114255991e-01 8.224640711892771128e-01
4.372815680086836743e-01 4.405404953293966530e-01 7.840337379569816134e-01
7.119466546424698672e-01 4.294749103609634688e-01 5.555927126176496422e-01
8.472531088101399321e-01 3.695413576683366785e-01 3.815774555502404741e-01
8.957677565321705559e-01 3.673619059513953955e-01 2.502905439945348198e-01
9.699533672769259374e-01 1.978192436655097364e-01 1.416263116223762109e-01
9.981414701310336035e-01 -1.888381469720265202e-02 5.793968542493695834e-02
9.824704643570850715e-01 -1.673674459373421242e-01 8.209704444366126841e-02
9.646839221748241266e-01 -2.560717590566555790e-01 6.174289036826894478e-02
9.442085324777683697e-01 -3.262808320035442966e-01 4.484490900039892619e-02
8.014114741303025591e-01 -5.721688010860603857e-01 1.742484209283854946e-01
6.319018576278804256e-01 -7.329884737504460679e-01 2.518490414423402157e-01
4.816670530429325026e-01 -8.170412651571078433e-01 3.169233677774636604e-01
4.041538047719610560e-01 -8.457840255195634427e-01 3.482945366557879674e-01
2.114947709807044329e-01 -8.871238675049532008e-01 4.102209228584931533e-01
-4.835343078897424290e-02 -8.853329755116375877e-01 4.624364477446017974e-01
-2.050094162184846469e-01 -8.605838658839743971e-01 4.662258562563318942e-01
-3.482343779244914117e-01 -8.198630671831355077e-01 4.544858293727140897e-01
-6.494989117629733633e-01 -6.481762110274719157e-01 3.975157394076156980e-01
-7.437186311790692228e-01 -5.925290820390394231e-01 3.095026406593409662e-01
-8.247927681584462656e-01 -4.822049184042248582e-01 2.952885135935743866e-01
-8.927771933536305937e-01 -3.287885281528042936e-01 3.079723799023650899e-01
-9.621415428853618002e-01 -1.294418561712775972e-01 2.398509064504654176e-01
-9.656023401552848995e-01 7.226520943241762640e-02 2.497796232528311788e-01
-9.587277006959944448e-01 1.698964531054404092e-01 2.279833132936770201e-01
-9.505114117009410002e-01 2.750578763501554391e-01 1.444687540059334530e-01
-9.125069131157366176e-01 3.988992503028421233e-01 9.061192870599418803e-02
-7.787179262294519067e-01 6.175818612665825436e-01 -1.104130246094419260e-01
-7.583244850775883172e-01 6.267488965765556364e-01 -1.792478618334970852e-01
-7.127307121373464005e-01 6.814506260703753204e-01 -1.662527479607013858e-01
-6.349147478685340795e-01 7.118628211290521923e-01 -3.002242275920164460e-01
-4.876989462751386561e-01 7.802659019290286713e-01 -3.915799536352682075e-01
-4.728906556753311174e-01 7.672518167523268984e-01 -4.332425157636415891e-01
-4.518715937573641317e-01 7.751535484112176411e-01 -4.415303377353335668e-01
-4.780363158283182368e-01 7.236007153467350905e-01 -4.978787859499354540e-01
-4.496498917232550352e-01 7.827333008704070449e-01 -4.302831098030478474e-01
-4.103013992590078263e-01 8.090800611615551752e-01 -4.207638487286121665e-01
-3.633815495989058397e-01 8.638352088412379892e-01 -3.489162956603097943e-01
-2.983741044355377459e-01 8.810036849139464277e-01 -3.671585501800805340e-01
-1.962484736580880351e-01 9.161205427056046124e-01 -3.495850223045307015e-01
-1.595786864090503188e-01 9.263179089117515863e-01 -3.412766831667845557e-01
-5.449497802136524238e-02 9.343046466582551890e-01 -3.522855725164510399e-01
8.901958255089915950e-02 9.245889327452577744e-01 -3.704197880343990112e-01
2.321466328127850531e-01 8.784814397432035848e-01 -4.175862795882956391e-01
3.205962352290251394e-01 8.352111809124003194e-01 -4.468112993601316418e-01
4.085337400810815089e-01 7.973526337754436311e-01 -4.442172448551794384e-01
4.684369200378064590e-01 7.433437961606770283e-01 -4.775006310518631336e-01
5.518836763293457626e-01 6.262418315963448334e-01 -5.506773793793069416e-01
6.076740448453028520e-01 5.504416354444140458e-01 -5.724912760825510150e-01
6.570089978442640311e-01 4.659932751954073415e-01 -5.926123895298960331e-01
6.873092263222921883e-01 3.080930776539569371e-01 -6.577877187314802310e-01
7.364455713050515051e-01 2.462332278267137520e-01 -6.300929439528852871e-01
7.456870944466810203e-01 6.455220804224220954e-02 -6.631619482543744670e-01
7.301726013064495646e-01 6.571722528946081707e-03 -6.832311356813119962e-01
7.166676354985502817e-01 -1.036836381328881673e-01 -6.896645586170463416e-01
7.121519623333144589e-01 -2.045250447963644080e-01 -6.715721023061146377e-01
6.848620538044524197e-01 -2.685956827269641578e-01 -6.773627731719417122e-01
7.109597811417226465e-01 -2.551313357119302516e-01 -6.553199151076977147e-01
7.335680847606963484e-01 -3.101227172426134215e-01 -6.047328048573036297e-01
7.628278687690817073e-01 -2.672901680912817546e-01 -5.887695717943945972e-01
9.162382260037482684e-01 -1.601819606612071845e-01 -3.672182630102098777e-01
9.295545746737972070e-01 -1.178464776003061709e-01 -3.493429553035477531e-01
9.760253348748556546e-01 -3.397024664390901894e-02 -2.149896928352097725e-01
9.986506765897352755e-01 -4.380972340820419447e-02 -2.788430170832126992e-02
9.112239580179758436e-01 1.263704228668328933e-01 3.920477197466044617e-01
7.908455660191348047e-01 1.768035689496708640e-01 5.859213161462322184e-01
6.538188987209752057e-01 1.978587836909710962e-01 7.303237291719478774e-01
5.357109596268692098e-01 2.701416335893704335e-01 8.000232906217951134e-01
2.783929361807196412e-01 3.105080857563266017e-01 9.088905884453966078e-01
1.910946828762102589e-01 3.789188497773687270e-01 9.054851337597081828e-01
7.088708536723589118e-05 3.807766392241135889e-01 9.246670460204639008e-01
-1.153173314614538703e-01 4.421707546388362609e-01 8.894868952417068764e-01
-2.483822264809930902e-01 5.203480161740011711e-01 8.170337885498529795e-01
-5.087533954377454481e-01 5.374581075415213460e-01 6.725390436758683643e-01
-5.312904269984739525e-01 5.624285874506531613e-01 6.335649660437689956e-01
-5.916168488606895481e-01 6.440954564793063275e-01 4.849026160858098122e-01
-5.840959809338812647e-01 6.988346336412818438e-01 4.128704880229901453e-01
-5.142493344618401796e-01 8.293484308017714524e-01 2.184692251375316974e-01
-4.784820564786381736e-01 8.758623016595439292e-01 6.261110252678173116e-02
-4.496962642065405191e-01 8.930476918478502668e-01 1.546253678761665487e-02
-3.691389574585919320e-01 9.288512780942345115e-01 -3.117263654378191196e-02
-2.136852800184184664e-01 9.689540091823343193e-01 -1.243653054228980870e-01
-1.404457640000274232e-01 9.783242442864069632e-01 -1.521731264575956477e-01
-3.947708491326942792e-02 9.859727378994420643e-01 -1.621706505068921389e-01
1.348954842847813543e-02 9.868855379405215844e-01 -1.608569771164522211e-01
1.569131773764602389e-01 9.665163963510116085e-01 -2.030377067203965880e-01
1.913557491412407607e-01 9.674446592693055624e-01 -1.656315444650925117e-01
1.876675372547143561e-01 9.690602322863216544e-01 -1.603220560681866136e-01
9.919049326635933639e-01 -5.842481102712240165e-02 -1.127437182909867136e-01
9.821519050529038397e-01 -1.625837909462195807e-01 9.457349693496565346e-02
9.451040584393175514e-01 -1.852844361716261268e-01 2.691616548360741823e-01
9.050710690447031359e-01 -2.236732484789088482e-01 3.616858276089492952e-01
8.965437912947281651e-01 -2.711463412644867788e-01 3.502697416417199783e-01
8.778963966229417215e-01 -3.114582338671470496e-01 3.637192397341828531e-01
8.703229369811242844e-01 -3.375579953287534130e-01 3.585980830319417945e-01
7.944455350985987208e-01 -4.335784993620487304e-01 4.252834074506729456e-01
7.080318734209926079e-01 -5.092363453871956436e-01 4.892537284034249034e-01
6.489770530965293105e-01 -5.526388073708470294e-01 5.228949542134371242e-01
5.011370587648740216e-01 -6.060552043224066709e-01 6.177044096056114597e-01
2.681770044891122473e-01 -6.057750222120777961e-01 7.490779109860358220e-01
1.572518096960066891e-01 -6.194865347393612165e-01 7.690957688246302659e-01
2.839439050660795463e-03 -5.873763679659562698e-01 8.093089273824917163e-01
-6.731469636235622167e-02 -5.579720016572118357e-01 8.271251277891925602e-01
-2.590577901866291666e-01 -4.318243396514337973e-01 8.639541660459909567e-01
-2.902151348719609336e-01 -3.899420804662419582e-01 8.739109504823180385e-01
-3.677763184621151149e-01 -3.208764777192393280e-01 8.727994418106301833e-01
-3.967057643360549779e-01 -2.704227391180486495e-01 8.772092559420688884e-01
-5.049028170987194253e-01 -1.437829989583749024e-01 8.511166750195375830e-01
-5.257620896508308217e-01 -3.267401854113744647e-02 8.500039021077285817e-01
-5.649022992021714984e-01 4.919990303297952679e-03 8.251431306455357939e-01
-5.590492445621406681e-01 1.233870661452668022e-01 8.199021734710569831e-01
-5.358541468469327773e-01 2.654604150627499215e-01 8.014930450987446386e-01
-5.438716108493186763e-01 3.226998466675186639e-01 7.746408715481821750e-01
-5.029769865437661025e-01 4.195927089965044154e-01 7.556163772472951345e-01
-5.114749772545582607e-01 4.728418064276971866e-01 7.175053823746838644e-01
-4.780483779985310044e-01 5.844020531201089552e-01 6.557011427487182686e-01
-3.932661324614512566e-01 6.944180521067822021e-01 6.025988034895476408e-01
-3.448725026729166920e-01 7.432787601993837701e-01 5.732361132522846292e-01
-3.398209791673337254e-01 7.791229472112451981e-01 5.267723751741520966e-01
-3.056839812262778233e-01 8.630088769688148975e-01 4.022101215716453182e-01
-2.734786509339061089e-01 8.937588489994136021e-01 3.555341718015502250e-01
-1.546514755518422213e-01 9.554600398438309883e-01 2.513543979548852336e-01
-1.523734670587197915e-01 9.580090485062680017e-01 2.429011929090107158e-01
-8.126743247289634764e-02 9.893262846688007928e-01 1.209508449027547755e-01
-7.445933975327466425e-03 9.995032236439015394e-01 3.062456518358833840e-02
4.602181775225398785e-02 9.988710067356312283e-01 1.177727446080566696e-02
1.108350089537664396e-01 9.930429751508716985e-01 3.976493799471582380e-02
1.812397252203612197e-01 9.834295671350216095e-01 -4.295170156337187184e-03
2.245834057365138359e-01 9.701247803525082647e-01 -9.176167181228873926e-02
2.940979088105845074e-01 9.541312768976902836e-01 -5.603504687982292093e-02
3.369564037460094363e-01 9.403837615342971468e-01 -4.624676223437022837e-02
3.758391930062217612e-01 9.223590940814433425e-01 -8.943490686354596542e-02
4.577379475004784148e-01 8.867115580788713647e-01 -6.495062884521927982e-02
5.038867706589729156e-01 8.575453996396550371e-01 -1.035085016398932661e-01
5.822711997911235171e-01 8.129295709200081710e-01 -1.028409537183881152e-02
6.524413187456409302e-01 7.515817791058791997e-01 -9.718618682452022373e-02
6.946069098612551729e-01 7.147269286038054892e-01 -8.177198971266774752e-02
7.272146088014069809e-01 6.791902275468547634e-01 -9.929525442169007121e-02
7.582817522142973887e-01 6.448120466400091289e-01 -9.605315594366239940e-02
8.000511504889539216e-01 5.879442637535298166e-01 -1.193302112652991354e-01
7.997576004689469498e-01 5.961347453346583780e-01 -7.078944763828828868e-02
8.664082769604676271e-01 4.810552081684734138e-01 -1.338752565203153722e-01
8.861830649351634115e-01 4.445765385629313338e-01 -1.305039339695258371e-01
9.394946538558213156e-01 3.107682770946695872e-01 -1.441279755215529867e-01
9.574413387365163786e-01 2.533127018245291961e-01 -1.383428999724398145e-01
9.651562412859578943e-01 1.495045394762984647e-01 -2.147599184734938771e-01
9.728929349264384685e-01 7.667995958125968514e-02 -2.181731444720850788e-01
9.623446806233609818e-01 4.924293122690853036e-02 -2.673347141695279205e-01
9.540660254804896878e-01 7.095459017167857207e-02 -2.910729550429423385e-01
9.257013458562514119e-01 4.372683377080394118e-02 -3.757192865535454174e-01
9.134513841222878794e-01 9.225706114225386278e-02 -3.963523729138896945e-01
8.959702325781652155e-01 1.075961226246762020e-01 -4.308832982722401450e-01
8.535615153115583276e-01 1.635097787440227823e-01 -4.946688708966000547e-01
7.881595357927129175e-01 2.398462098121226793e-01 -5.668142039308597946e-01
7.500877523339373187e-01 2.436350187464024764e-01 -6.148254560760006981e-01
7.078528579514524743e-01 1.957650006430997069e-01 -6.786902062157430526e-01
6.110598281428838430e-01 2.502019914137187939e-01 -7.510025631930949963e-01
4.758464131088878113e-01 2.962537339566941319e-01 -8.281327890188396879e-01
4.152275316393560511e-01 2.977046879060039619e-01 -8.596266723220471473e-01
3.444420974457187978e-01 3.111848390125120933e-01 -8.857333896133480211e-01
2.307016723590464835e-01 3.104967508035677559e-01 -9.221542745718670497e-01
1.412941859370761555e-01 3.284477820590974151e-01 -9.338940022726556212e-01
-8.755188625428041160e-02 3.596958065809771621e-01 -9.289529557202440557e-01
-1.947050656438242822e-01 3.676608412002002613e-01 -9.093489117278336087e-01
-2.834531613883783940e-01 3.896768802113296237e-01 -8.762455331285284865e-01
-4.169725571950123610e-01 4.322612367154886059e-01 -7.995524434203477027e-01
-5.352727029816329862e-01 4.832766087593877713e-01 -6.927675316213672829e-01
-6.275507417014144496e-01 5.000045798627510418e-01 -5.968043956827716601e-01
-6.375731855840478524e-01 5.602755403961495739e-01 -5.287643632640269820e-01
-6.594534166613396087e-01 5.899920666417424187e-01 -4.658653802907996577e-01
-6.789861714431534301e-01 6.989421606417494104e-01 -2.246277700250159937e-01
-6.904493987768848262e-01 7.083059808465009821e-01 -1.469090372499744224e-01
-6.567976271178603831e-01 7.527262423088786347e-01 -4.494531290249456634e-02
-6.097888661392902865e-01 7.894961683467248692e-01 6.966590915504228265e-02
-5.052262647748634317e-01 8.290131122473356484e-01 2.397575464998465133e-01
-4.321355857352387475e-01 8.459060489270544547e-01 3.125728585944114735e-01
-3.760105647915583105e-01 8.576635196927632210e-01 3.507553879177831568e-01
-3.684764322511144830e-01 7.952532350844290221e-01 4.814534359242229611e-01
-2.990543160742047402e-01 7.655208159526318834e-01 5.696879816009869923e-01
-2.862448712165897025e-01 7.449947992296813704e-01 6.025335034858433358e-01
-2.117534354137997343e-01 7.246025895901425651e-01 6.558289180492982151e-01
-1.908856805350634123e-01 7.004169862686365766e-01 6.877344707901633658e-01
-1.207139433066409667e-01 5.905168642401448231e-01 7.979460990188167457e-01
-4.995395225904974285e-02 5.911536171905085180e-01 8.050105611333794320e-01
-3.139511929580588584e-02 5.290876530550862045e-01 8.479862038200048913e-01
-3.079446650427077048e-02 5.365155206739311566e-01 8.433284039499070461e-01
3.669714624077814041e-02 5.107307738733164459e-01 8.589571561355933138e-01
1.765130846709268841e-01 4.154738650257552846e-01 8.923141814520907378e-01
2.469275452007846927e-01 4.137998979090086182e-01 8.762399396920962369e-01
2.562795694885087183e-01 3.597665740185809202e-01 8.971559476934416466e-01
3.095731858122294788e-01 3.930520069378838910e-01 8.658374919510983814e-01
3.911478234576293289e-01 3.259566836983012750e-01 8.606716101724075640e-01
4.735580542693862416e-01 2.514952941758502591e-01 8.440929369708026764e-01
5.368503190909907907e-01 2.004948645267968788e-01 8.195081111192755730e-01
5.540946646684363763e-01 1.482337983104912715e-01 8.191494635439966476e-01
6.177231197087468262e-01 1.114095201685994102e-01 7.784639145092697721e-01
6.567232692089154389e-01 7.631467338517278209e-02 7.502603670097927058e-01
7.031805356280967922e-01 4.275820266305661865e-02 7.097245031833181450e-01
7.281249158925974241e-01 5.034752362685510074e-02 6.835928859497013566e-01
7.455806585705755385e-01 -4.164425505749646400e-02 6.651129509986803967e-01
7.686935645973038689e-01 -4.759096446430687716e-02 6.378442630047305162e-01
8.257525385386230710e-01 -7.446205172015966933e-02 5.590958307398152805e-01
8.431119516177587592e-01 -1.324530509079442642e-01 5.211702469869816667e-01
8.588317529727513833e-01 -2.059599331501359987e-01 4.690293445217925683e-01
8.686856686150742357e-01 -2.156021448014426023e-01 4.459830986705650702e-01
8.659494778613151533e-01 -2.301189334694036248e-01 4.440459190788941801e-01
8.997574021417024115e-01 -2.654352235912326718e-01 3.463823889407299794e-01
8.896481644555788160e-01 -3.170371844746765477e-01 3.286541756028500405e-01
9.033716951977128762e-01 -3.142848206706955194e-01 2.917955308286940830e-01
9.182296804411271829e-01 -3.208167515742124665e-01 2.322302001600045351e-01
9.344953434150687910e-01 -2.845596747156980411e-01 2.138790421272004083e-01
9.074807969502457494e-01 -3.818529774144598932e-01 1.751196927996923614e-01
9.506998568736744204e-01 -2.899820695743881571e-01 1.099098788359347961e-01
9.641880515792219386e-01 -2.493075922279634482e-01 9.048273674773038566e-02
9.786246723475627851e-01 -1.925865219491581237e-01 7.214001827108028342e-02
9.791829191622938300e-01 -2.027841222891111350e-01 8.911260754988692065e-03
9.960057183008297343e-01 -7.706426913488723107e-02 -4.509664660209184578e-02
9.852345609063578591e-01 -1.288963385858892252e-01 -1.126880379401820620e-01
9.925489511273950516e-01 6.210505616076699570e-02 -1.048310145671395160e-01
9.797772397957155155e-01 1.810261737034141519e-02 -1.992708097605660478e-01
9.360721524963326878e-01 1.605367123414119523e-01 -3.130445484455736116e-01
9.166755651978476527e-01 1.905455913360427078e-01 -3.512809214739744945e-01
8.973664946700151690e-01 1.775428434696152136e-01 -4.039949417707769941e-01
8.561608631255127611e-01 2.750905672502370614e-01 -4.373942800976250433e-01
8.183543627103014861e-01 3.198831656415968006e-01 -4.774629801064443346e-01
7.487995293795238760e-01 3.460260704266834852e-01 -5.653010024633526864e-01
7.005800726600845962e-01 3.861060906444870877e-01 -6.000913668424346925e-01
5.953007600564202972e-01 4.724669144545297628e-01 -6.499169330168774739e-01
4.856068391179257371e-01 5.400322431787937250e-01 -6.874235769372308846e-01
3.880979601292823822e-01 5.730185720166899310e-01 -7.218238631878579614e-01
3.283178735954292438e-01 6.025482030597355543e-01 -7.274221861252648802e-01
2.314114145352319796e-01 6.462008846120740335e-01 -7.272366698327141776e-01
1.257269996997660566e-01 6.294763042193685099e-01 -7.667804796503494558e-01
-6.919133123134617314e-02 6.659787667711954962e-01 -7.427549002816149493e-01
-1.579064629220947313e-01 6.876892356520046823e-01 -7.086247696318515032e-01
-2.062782258621210230e-01 7.232585515401902532e-01 -6.590495893020202889e-01
-2.934417341883915342e-01 7.071894259455229204e-01 -6.432534993821262814e-01
-4.727075892504777332e-01 7.470199763680903660e-01 -4.674491308923563460e-01
-5.357508083986081138e-01 7.605495854141065548e-01 -3.667906752177167440e-01
-5.841169253640184911e-01 7.525298896484282629e-01 -3.041482906231925409e-01
-5.957985552268916241e-01 7.803087925285182580e-01 -1.901112040155302219e-01
-6.310850426122649459e-01 7.753935717346353007e-01 -2.228178412247983076e-02
-6.341899930136598584e-01 7.689477922694604173e-01 8.076103964943022462e-02
-6.006347996764364039e-01 7.779608767063908026e-01 1.844307776155346135e-01
-5.587842507052291907e-01 7.740318336025723278e-01 2.977161092948036880e-01
-5.338080876404683872e-01 7.073762060373689486e-01 4.633225967960162839e-01
-5.238042298976705036e-01 6.333046907830862660e-01 5.696966713729753051e-01
-4.878805207860080762e-01 5.975260287897580236e-01 6.363452226239423304e-01
-4.795667561917458244e-01 5.657561869143767908e-01 6.707724378087037698e-01
-4.481459230862479548e-01 4.516966110596622452e-01 7.714501948787043650e-01
-4.359877809392495585e-01 4.272180629833937093e-01 7.920854635280121236e-01
