-6.963306061515327494e-01 -3.774479475763965475e-01 -6.104561686206513293e-01
-7.251531521530591995e-01 -4.264921263070340918e-01 -5.406083352304020817e-01
-7.052442281468030982e-01 -5.114515679038219576e-01 -4.909662639676395934e-01
-7.850338814336753623e-01 -5.183091087388301821e-01 -3.392307073357859193e-01
-7.860191177937940754e-01 -5.712151966258778302e-01 -2.364046226416168794e-01
-8.023615873865442838e-01 -5.713372094613593521e-01 1.725968602595409074e-01
-7.697391005928195806e-01 -5.740773427558540920e-01 2.791718494994340216e-01
-6.819819097921575590e-01 -6.420088770085938812e-01 3.503216758329488201e-01
-6.658238969461874879e-01 -6.010780162037279162e-01 4.420223486340746355e-01
-5.290436197270208529e-01 -6.253003713515166151e-01 5.736830954575765640e-01
-4.547646432952677231e-01 -6.063288820385267508e-01 6.523453119433283431e-01
-3.792552592822143742e-01 -5.830008629371465911e-01 7.185230978342468378e-01
-2.733425347960792839e-01 -6.130013217685509330e-01 7.412916013157466733e-01
-1.000026198112708986e-01 -6.831411443685412310e-01 7.234069759835899394e-01
-1.355485556333847381e-05 -6.704640920236754065e-01 7.419419796204648199e-01
3.411050609594485500e-02 -7.056416698665500808e-01 7.077473469549887541e-01
6.784951627259024065e-02 -7.217779575048334229e-01 6.887909865857178016e-01
1.377405194198365046e-01 -7.369006411582987859e-01 6.618194575338818275e-01
1.748243524934181004e-01 -7.699444773619227300e-01 6.136953214381974941e-01
2.567016017712763776e-01 -8.048465423392283657e-01 5.350946934259857013e-01
2.409055693280099664e-01 -8.467981264482116188e-01 4.742335286655150473e-01
2.130825903739358707e-01 -8.798205671656028626e-01 4.248665428954490619e-01
2.075622639396252356e-01 -9.042416380268077924e-01 3.731822164129109942e-01
1.608968147513990254e-01 -9.191657790876991418e-01 3.595086724363641961e-01
1.039037102521807171e-01 -9.619406401785569605e-01 2.527335034551185800e-01
1.250146395492439666e-01 -9.468965347710320835e-01 2.962402611681674847e-01
1.242592155685628974e-01 -9.591162621844397940e-01 2.542747391300096971e-01
5.483077289337532495e-02 -9.746021589000372076e-01 2.171271936246160217e-01
5.463208407781782600e-02 -9.810989529390464758e-01 1.856345332399690073e-01
5.428313292667399231e-02 -9.925778527768723825e-01 1.088234701547356603e-01
-1.343567160028146662e-02 -9.979125560018745622e-01 6.316655208617080741e-02
-1.261515715518871789e-02 -9.988905148607589712e-01 -4.537176579281192862e-02
-1.099617913195845009e-01 -9.854408789676429858e-01 -1.296714251840690169e-01
-6.591703473182676520e-02 -9.967364570691548131e-01 -4.659806521082036912e-02
-2.554650202167260686e-01 -9.527369101558260667e-01 -1.644080395613218282e-01
-3.001413995007193858e-01 -9.254557805908204537e-01 -2.311855066321952257e-01
-4.208540732615634883e-01 -8.507460676269960054e-01 -3.148221361917762917e-01
-4.832044287925443271e-01 -8.307854056428798373e-01 -2.762409994299662164e-01
-5.278126172970881713e-01 -6.912306815013102845e-01 -4.935726754726517673e-01
-5.244932576865770635e-01 -5.981686722632444386e-01 -6.058886549227910923e-01
-5.016346869852233992e-01 -5.404729221747301970e-01 -6.754640339863735576e-01
-3.992559902354356760e-01 -5.242719436278748812e-01 -7.521526330378510705e-01
-3.320069069785319127e-01 -4.690613849046877948e-01 -8.183842807079353410e-01
-4.633713927423158824e-02 -4.408559295795564936e-01 -8.963810121139478282e-01
7.551930802850161106e-02 -4.404362972817932320e-01 -8.946019797382520622e-01
2.571209958296436504e-01 -4.017124536696942139e-01 -8.789288356119886458e-01
3.874169787564502032e-01 -4.063480335505771368e-01 -8.275200059217924231e-01
7.151799860418215360e-01 -2.758802217283851110e-01 -6.421897623166513691e-01
8.283563956588188004e-01 -2.526402699198953550e-01 -4.999985757839042200e-01
9.272192751533208099e-01 -2.009076193075629013e-01 -3.160704736104237855e-01
9.563452042620853577e-01 -2.579280359881980234e-01 -1.373935170820697604e-01
9.475815160950422644e-01 -2.835932784486191460e-01 1.471873730106798839e-01
9.105545539001522748e-01 -2.698592757936279507e-01 3.131555135070003271e-01
8.716336456639809382e-01 -2.927340241216326300e-01 3.931432040212233803e-01
7.935070323913782087e-01 -3.189113123886581636e-01 5.183070174867132618e-01
6.576370873528922800e-01 -3.393634595648932772e-01 6.725666536858269096e-01
5.674460516684269873e-01 -3.747254520575401537e-01 7.332024372751261287e-01
5.713825025271994651e-01 -3.521576710822575396e-01 7.412874007452676661e-01
4.688705051541691149e-01 -3.205415113715623932e-01 8.230513889691875029e-01
3.079237109391741445e-01 -4.365011930148440800e-01 8.453695622259330689e-01
1.505580783009490276e-01 -4.932669726720189107e-01 8.567496476388579696e-01
8.422069998541915903e-02 -4.689218511273604562e-01 8.792150881492285519e-01
3.309585739049292208e-02 -4.898462876172387515e-01 8.711803939088607063e-01
-1.020784752762643466e-01 -5.135315373408921857e-01 8.519773148632378001e-01
-2.404188662358124340e-01 -5.592822072211837137e-01 7.933487136459524969e-01
-3.390268633639201834e-01 -5.948605986764301523e-01 7.288358210598193665e-01
-3.834566305876653258e-01 -5.852537022710042613e-01 7.144502197049402703e-01
-4.549558708581153965e-01 -6.182901172793632272e-01 6.408841443243896707e-01
-5.504530796752747923e-01 -6.112603872459386745e-01 5.686494052225420370e-01
-6.291100212220102073e-01 -6.343198682423683010e-01 4.492870863390424074e-01
-6.758357134960250034e-01 -6.584121297435650000e-01 3.312696119022413010e-01
-7.071692707533503430e-01 -6.874871535454902816e-01 1.651455001266887712e-01
-7.343679991921637784e-01 -6.740910482783958324e-01 -7.940340290838616977e-02
-7.975268151994726606e-01 -5.901858417346147467e-01 -1.250266021844571307e-01
-7.848237060698921574e-01 -5.596716486972544979e-01 -2.661191387991782009e-01
-7.676192055927468783e-01 -5.264980518980890700e-01 -3.654593774315791355e-01
-6.627137234636136798e-01 -5.030751063978219362e-01 -5.547305274237332995e-01
-6.151050087042594372e-01 -4.441439892906737241e-01 -6.514460415444235375e-01
-5.257070588424306301e-01 -4.928178148943437864e-01 -6.933705283656100837e-01
-4.859993370801143908e-01 -4.442438942772788946e-01 -7.526300596940351806e-01
-3.663322905728679801e-01 -4.008531099890184080e-01 -8.397127110481106271e-01
-2.803933504314968239e-01 -3.525604298526360258e-01 -8.927937680875266402e-01
-2.213638111890277871e-01 -3.595938462855332030e-01 -9.064713612737276272e-01
-1.401988585983131586e-01 -3.113472554198991049e-01 -9.398974234405722550e-01
-9.665225927627996150e-02 -2.360233995576506705e-01 -9.669287955366931975e-01
-1.284143275943966378e-02 -1.688950560944998402e-01 -9.855503831015035576e-01
3.607381591248266101e-02 -1.329445850475822199e-01 -9.904667672930973499e-01
5.455697879975200670e-02 -1.029635303074794977e-01 -9.931878208530671159e-01
1.249969933902954217e-01 -1.042124422101816106e-01 -9.866689001544418636e-01
2.106553423242620571e-01 -1.015700163663107031e-01 -9.722694372063719337e-01
2.479447868860616688e-01 -1.060172768052967396e-01 -9.629557205161690669e-01
2.279971266712212397e-01 -1.528558739172498904e-01 -9.615884733287212160e-01
3.108285707296745137e-01 -1.137945230995764667e-01 -9.436293796457841943e-01
3.550843894495996356e-01 -1.591627805844912646e-01 -9.211852613051394467e-01
3.863192599893973123e-01 -1.200602737302582101e-01 -9.145178839328731435e-01
4.130461553183432111e-01 -1.270714680984544043e-01 -9.018013725716094164e-01
4.178297525783242761e-01 -1.441750325028515467e-01 -8.970127411933109807e-01
4.927953354503278871e-01 -1.178418330564678790e-01 -8.621287953318171882e-01
5.013787691149624859e-01 -1.111012545510292604e-01 -8.580651730014174916e-01
5.497124786729672419e-01 -1.558452811890969902e-01 -8.206877841922065597e-01
5.714301040091553929e-01 -1.558872302458702008e-01 -8.057088851926339501e-01
6.382496246014112140e-01 -2.279633731456379431e-01 -7.353027384691425139e-01
6.874080044517140164e-01 -2.797911184886810454e-01 -6.702142682982549227e-01
7.590950790445978313e-01 -3.123183226031129300e-01 -5.711671614655851048e-01
7.921392840785419498e-01 -3.881988196378735601e-01 -4.709745545688183710e-01
8.507478177437876043e-01 -4.759125222793254006e-01 -2.230143980596627218e-01
8.728566884500034151e-01 -4.765974620118920146e-01 -1.047666961964396487e-01
8.798320644903496746e-01 -4.731369523858129922e-01 -4.513272185138142434e-02
8.692943684539424787e-01 -4.836479911950740673e-01 1.020388239212461912e-01
8.439525700113931217e-01 -4.990013669785122175e-01 1.968291018237416645e-01
7.988224469699947150e-01 -5.083250377355275074e-01 3.216960587698344809e-01
7.273238830747639216e-01 -5.470195515780232887e-01 4.144509371450684765e-01
6.464764615245633950e-01 -5.635600059610023083e-01 5.142648193060797013e-01
5.930511649931837770e-01 -5.747401486918051194e-01 5.638830350187432616e-01
5.027629826257111745e-01 -5.797307969339986489e-01 6.412032332946941970e-01
4.278542830629967209e-01 -5.800224083065261826e-01 6.931916894531747753e-01
3.277859104938298795e-01 -5.678236048619662579e-01 7.550713546700685841e-01
2.384783456259793322e-01 -5.894987980637620417e-01 7.717637240431010071e-01
1.902323858809850665e-01 -5.503005450088817030e-01 8.130073489981231027e-01
1.546435327365436596e-01 -5.458515340493229617e-01 8.234873894351767420e-01
1.881951012740447626e-01 -4.901982309193915754e-01 8.510512900289564087e-01
2.382622850559976413e-01 -4.515464924431493166e-01 8.598469914363737754e-01
3.263490216907757868e-01 -5.285631137603370444e-01 7.836563984384039561e-01
3.410670028215787575e-01 -5.574306932206660736e-01 7.569308567113859354e-01
3.840282528364390990e-01 -5.802783254192054319e-01 7.181917335030213456e-01
3.947635964102851891e-01 -6.703157533405065260e-01 6.283617539067496427e-01
3.857336517020021893e-01 -7.857506948359739285e-01 4.835342754235966156e-01
4.118340796296335315e-01 -8.157335303593278297e-01 4.061668355529784447e-01
3.972682761300826426e-01 -8.426470553624273441e-01 3.634884549331146575e-01
3.585432367246134677e-01 -9.003065260012974580e-01 2.467689336981319648e-01
2.769669940219097737e-01 -9.530456088779059032e-01 1.224473422374244003e-01
1.399769208659023267e-01 -9.894788939127149296e-01 3.657841065671520869e-02
1.418559761692227417e-01 -9.883295751261483852e-01 -5.551155695928377404e-02
5.566085198962668346e-02 -9.771270198144610397e-01 -2.052429212038715811e-01
7.688384144959679867e-02 -9.753467942460812834e-01 -2.068514101422697371e-01
5.737643473783957115e-03 -8.810980038275534332e-01 -4.728989184788525146e-01
5.792725052648082379e-02 -8.054458815916027969e-01 -5.898316416347701985e-01
6.375921456687284015e-03 -7.074419387658630320e-01 -7.067427048797709777e-01
5.310216328961095758e-03 -6.554653358990438772e-01 -7.552065909652093678e-01
-1.149866283870828489e-02 -5.248185750876143141e-01 -8.511364426435562569e-01
2.275421915995705716e-02 -4.302739750471865632e-01 -9.024115202652909229e-01
7.243558950777223560e-02 -3.206446301261732246e-01 -9.444258078557102865e-01
7.761294074512914420e-02 -2.871055275899884185e-01 -9.547495207938925255e-01
2.010594308999325286e-01 -1.381385782887805114e-01 -9.697901001941345855e-01
2.725366946162564585e-01 -1.088199240266921608e-01 -9.559717434226129296e-01
3.427629413557731763e-01 -9.080050061663340333e-03 -9.393780488834175824e-01
3.947060562313102206e-01 -9.634314490305502521e-03 -9.187569369308878908e-01
5.495581937367819414e-01 4.594805286429906599e-02 -8.341909662270055037e-01
6.241539640985598325e-01 1.000616544839480308e-02 -7.812372915786041094e-01
6.817527035431802940e-01 -1.000912491489176770e-02 -7.315142299572872098e-01
7.640926196129145254e-01 -5.231549260404761564e-02 -6.429817710376163342e-01
8.585920249054206366e-01 -3.466823223710883972e-02 -5.114859220373159099e-01
9.137597266639946314e-01 -1.010794765106866611e-01 -3.934794802213545384e-01
9.609001805696114618e-01 -1.673303227107530433e-01 -2.206159696912341484e-01
9.747220972924973692e-01 -2.053443404758389379e-01 -8.803712219432309471e-02
9.770883119740372269e-01 -1.977119024664904245e-01 7.879361793195983898e-02
9.405850935693127468e-01 -2.173144432381520774e-01 2.609101656036025285e-01
8.873377731469885843e-01 -2.016318883456713340e-01 4.147002024941661147e-01
7.986727712640349086e-01 -2.311843376627241153e-01 5.555858227680708916e-01
7.320911239931654491e-01 -1.854814124828308153e-01 6.554687115292365807e-01
4.532042787761514924e-01 -2.644317625008307249e-01 8.512824000763157262e-01
2.888827499896257645e-01 -3.472361190977847900e-01 8.921736570602946115e-01
1.358511456991432220e-01 -4.178226111570107482e-01 8.983143836197702292e-01
1.582856787302399856e-02 -4.753192006559934790e-01 8.796710259675695198e-01
-2.055411923414020292e-01 -5.942646027272646680e-01 7.775618304651285007e-01
-3.210233799568635860e-01 -6.285232427943802103e-01 7.084507906610789663e-01
-3.759661668475755003e-01 -6.527468638752806918e-01 6.577012795235590570e-01
-4.778735988072296825e-01 -6.844909945374982874e-01 5.505532689577760097e-01
-6.122204052676398778e-01 -7.313051456498864678e-01 3.006309354007421497e-01
-5.912641948410206627e-01 -7.934279342845818039e-01 1.444948614861473191e-01
-5.278501904583972060e-01 -8.492749116171388613e-01 1.031023427158330591e-02
-4.790891228832519499e-01 -8.463536688658654938e-01 -2.327210337125658057e-01
-3.496993123941569692e-01 -8.316251172253079638e-01 -4.314047465096397804e-01
-3.046628675712646506e-01 -8.074841685501773503e-01 -5.051236033527661817e-01
-2.696827494861410157e-01 -7.288560431047922394e-01 -6.293171561774083544e-01
-2.099443420782567682e-01 -7.106468003316172011e-01 -6.714942281269158375e-01
-1.095436468318050915e-01 -5.290583876814672903e-01 -8.414852416190524709e-01
-9.821763183937198827e-02 -4.158525203632593703e-01 -9.041128127083425392e-01
-4.524798537243181207e-02 -3.022665508119820044e-01 -9.521489127652058571e-01
2.856515566185878572e-03 -1.703892306226322262e-01 -9.853726961950222130e-01
-1.252687854408898738e-02 -1.038349332900116717e-01 -9.945156529399628020e-01
-7.962352115362281157e-02 4.542068916426222208e-02 -9.957896644748537307e-01
-1.803213596220035186e-01 9.341917971962110379e-02 -9.791614086168762832e-01
-2.438125419255958992e-01 1.366358401006936563e-01 -9.601489944793761833e-01
-3.196093182549096801e-01 2.174970265252587354e-01 -9.222499266127933693e-01
-4.884023724974117520e-01 2.856525317072658443e-01 -8.245397223106532003e-01
-5.630850100471487263e-01 2.981436875274698917e-01 -7.707435455764289900e-01
-6.567838234350816817e-01 3.405419694089987237e-01 -6.728047089200817066e-01
-7.029870013834699227e-01 3.095479798813855488e-01 -6.403040871626782815e-01
-8.166346449471060254e-01 3.166734842509734693e-01 -4.825202182753201008e-01
-8.426371243651998855e-01 3.522897645430678737e-01 -4.072524996114036955e-01
-8.883674735507862685e-01 3.596708352704822143e-01 -2.853771577979339336e-01
-8.853670155271234909e-01 4.031618436408974659e-01 -2.314860160974457903e-01
-8.112000645150995171e-01 5.462801694436819622e-01 -2.086442709572454146e-01
-7.233086126490169132e-01 6.391717107749288473e-01 -2.613124088381664767e-01
-6.457151630326652958e-01 7.076787379832343294e-01 -2.867799365997475980e-01
-5.460604141496302466e-01 7.685321894922363395e-01 -3.334310990489694482e-01
-4.488559029904943265e-01 7.849722568966667202e-01 -4.270209997800357704e-01
-4.014477813345974089e-01 8.132980010080148592e-01 -4.211722218023125630e-01
-3.475623990055293211e-01 8.227738902915896491e-01 -4.497149144201964543e-01
-2.921735767264257433e-01 7.898850086105384527e-01 -5.391811145016273121e-01
-3.215293834943574458e-01 6.838064504635396057e-01 -6.550019800383759527e-01
-3.419446928289283649e-01 6.598888197489930496e-01 -6.690445221481233773e-01
-4.265028003040903237e-01 5.714849395114394159e-01 -7.010708418158437816e-01
-5.147326237742303467e-01 4.574734829854127383e-01 -7.250988473219991404e-01
-5.571819576213122849e-01 3.744032541510085577e-01 -7.411952977336118131e-01
-5.825134047782155600e-01 1.820560236113455133e-01 -7.921702705356443719e-01
-5.828411902696353231e-01 6.305943006214120850e-02 -8.101355782863214339e-01
-5.867105246823406395e-01 -1.735183192445587802e-02 -8.096108164765574156e-01
-5.754894605801798013e-01 -4.562182080837549891e-02 -8.165356882753269652e-01
-5.464554439678689368e-01 -3.071731240582629141e-01 -7.791220184375270419e-01
-5.224580571425244679e-01 -3.386416954988197836e-01 -7.825339485265436767e-01
-4.354057260667547613e-01 -4.769934913902762474e-01 -7.634782661475025822e-01
-3.796781272382846462e-01 -5.399624999899509392e-01 -7.511890696099291498e-01
-2.096819726811808005e-01 -7.077454767649560274e-01 -6.746330932079106502e-01
-6.559347999314048272e-02 -7.847652737741021012e-01 -6.163123886963882692e-01
2.296923942519990547e-02 -8.384372564156792329e-01 -5.445138943079198546e-01
1.475469563658801386e-01 -9.229466809056569021e-01 -3.555268201871643607e-01
3.586505544728532668e-01 -9.075349364930317408e-01 -2.185180057132678766e-01
4.655424073918627004e-01 -8.818165042807836196e-01 -7.529886916685925302e-02
5.342718386580848078e-01 -8.452415862037058192e-01 1.096646564545667932e-02
5.967609354064680183e-01 -8.001949059220915261e-01 5.970342125148879464e-02
6.455112784437112561e-01 -7.124294616230903987e-01 2.752443489218243111e-01
7.041894144958490420e-01 -6.207349672320368050e-01 3.446815471815040666e-01
7.160105836696694093e-01 -5.565130297231473122e-01 4.214523600851971530e-01
7.340534988231591784e-01 -4.639758054387703723e-01 4.958748963528226694e-01
6.963815748250294924e-01 -3.484899735398700460e-01 6.273814155570698325e-01
5.658368491048691995e-01 -3.081746884506011974e-01 7.647594534188173476e-01
5.085044747151751254e-01 -2.622891994483305123e-01 8.201387535334480061e-01
4.551534941786818389e-01 -3.017307379102284748e-01 8.377313761207022536e-01
3.969244711478622234e-01 -3.251130992494022931e-01 8.583428434491884307e-01
2.407717751169858311e-01 -3.378074421893169643e-01 9.098983922991219497e-01
1.741228392065766462e-01 -3.265685803444036139e-01 9.289963397121011601e-01
1.171728818313490933e-01 -3.420282585922334584e-01 9.323557186437486655e-01
4.900285518027300974e-02 -3.285896944359191774e-01 9.432006853764952625e-01
-3.605471983509496436e-02 -3.688567710858389748e-01 9.287867029634639948e-01
-1.053861604284169612e-01 -3.478388948358500654e-01 9.316125055137089994e-01
-1.574126003483290182e-01 -3.143740945621905647e-01 9.361571459534879791e-01
-3.677496411982377200e-01 -3.352328892515396563e-01 8.673978967939870444e-01
-5.175391618503034641e-01 -3.344679876013623709e-01 7.875813489546209523e-01
-7.083190031005587306e-01 -3.597381165701105110e-01 6.073488925924045434e-01
-8.231812951094524822e-01 -3.730049793682858050e-01 4.280652295484757008e-01
-9.085001293477681372e-01 -3.257767732822252071e-01 2.617193324248520137e-01
-9.910899091177770570e-01 -1.058749059358408268e-01 8.081643606342220343e-02
-9.980771641190581134e-01 2.188692221319793550e-03 6.194500859971787537e-02
-9.909037171989966142e-01 1.322800720923549000e-01 2.473470776969097923e-02
-9.729744024849817929e-01 2.307613201294136107e-01 8.368108575011872288e-03
-9.079971157940962545e-01 4.188590896028537847e-01 9.914674309875684197e-03
-8.408147162272135988e-01 5.375960618632009691e-01 6.341204337448480555e-02
-6.632380214765219995e-01 7.359926337978317523e-01 1.357577617053226937e-01
-5.505974644744592306e-01 8.079503951588167254e-01 2.099013841712546735e-01
-4.217157513417171821e-01 8.747774788841301552e-01 2.385795203017561927e-01
-1.933383319901033626e-01 9.292626415666620510e-01 3.147875988215448895e-01
-3.406351933596796829e-03 9.383917106673620445e-01 3.455566438621696657e-01
1.319202469847745585e-01 9.140844582797131856e-01 3.834666237978989756e-01
3.734016723229333645e-01 8.664129670229295810e-01 3.315113296419303635e-01
6.212307112059554104e-01 7.134474239559183140e-01 3.241375891580716706e-01
8.128197559425889285e-01 5.530945372845434971e-01 1.827853308540562383e-01
8.506518923428754153e-01 4.597743218690277800e-01 2.549488791961256884e-01
8.798244816988123329e-01 3.851376520502620138e-01 2.785280423523416871e-01
9.653325704267050611e-01 9.268363829576836688e-02 2.440138759694414627e-01
9.553842644988754795e-01 -2.772545438541727456e-02 2.940615689393375476e-01
9.597540654999500154e-01 -1.364023347170262024e-01 2.454924374396534881e-01
9.306665666437181628e-01 -2.908960805839760355e-01 2.218991032710013467e-01
8.491319488074672295e-01 -5.109805683875007221e-01 1.336929027466295938e-01
7.865955274897977745e-01 -6.083144696614425362e-01 1.059291373209690773e-01
7.440215937418345193e-01 -6.679523606159880611e-01 1.647762098695749675e-02
6.592875282381247537e-01 -7.452670624304674751e-01 -9.958393829290641819e-02
5.766448504794832175e-01 -7.997171072604379871e-01 -1.671324767078246620e-01
4.944246683204075454e-01 -8.395678182223540453e-01 -2.251002575778430215e-01
5.075832713775517702e-01 -8.140513993979425766e-01 -2.822756485351049505e-01
4.436776307188367019e-01 -8.475863661607007105e-01 -2.911142591805114255e-01
4.476717715178363255e-01 -8.399360259429252684e-01 -3.067530885081480307e-01
4.661678126217563278e-01 -8.292671657033082733e-01 -3.082264400758781830e-01
4.325495996812647181e-01 -8.652481463128505190e-01 -2.534689115409494709e-01
4.003975818631839156e-01 -8.854085613008625399e-01 -2.360793426228814662e-01
3.329750371611077675e-01 -9.213871437791495422e-01 -2.004329212132070492e-01
2.102371366915815332e-01 -9.584376060839432387e-01 -1.928670568028801047e-01
1.397827394924653632e-01 -9.613851639597768006e-01 -2.370640256513303623e-01
9.277300663720827734e-02 -9.834400564736046624e-01 -1.556882287222954298e-01
-3.133871420456622175e-02 -9.875225003958827408e-01 -1.543282093587184378e-01
-1.927283119827172264e-01 -9.512891286950945213e-01 -2.406341442663952612e-01
-2.785497251091960114e-01 -9.219066981985110099e-01 -2.692546944034790446e-01
-3.673694721900325200e-01 -8.473232407577554470e-01 -3.835140109234495553e-01
-4.521430234579842389e-01 -7.926491712155131486e-01 -4.089914152028536476e-01
-6.494307564280602518e-01 -6.023857991425979330e-01 -4.640808567443944765e-01
-6.226969341767916166e-01 -5.815902849681204856e-01 -5.234513048961907389e-01
-6.064016907897942232e-01 -5.678362063723656483e-01 -5.566318641076154483e-01
-6.969737965404824154e-01 -3.845169353067178775e-01 -6.052885703515932247e-01
-7.333349380623651603e-01 -2.337798163450595379e-01 -6.384096381530727227e-01
-7.372158245610042071e-01 -1.935460060905963009e-01 -6.473428547093244001e-01
-7.307569895670363858e-01 -3.865688995133024358e-02 -6.815422709254451705e-01
-7.267814315241944989e-01 -7.398679701417068544e-02 -6.828723926614888029e-01
-6.987553729089174270e-01 1.320409136556222884e-01 -7.030690762307133523e-01
-7.041502457918500379e-01 1.559594203832123382e-01 -6.927114049479839997e-01
-7.029401584586385532e-01 1.845226829250258549e-01 -6.868962899246832121e-01
-7.207695274984274869e-01 1.694124459174280173e-01 -6.721537855267707418e-01
-7.586768741802460969e-01 1.765110074119911332e-01 -6.270990869443959781e-01
-9.017208736137501957e-01 1.321563069875309193e-01 -4.116238290146387313e-01
-9.252387279798461872e-01 1.080244415786998369e-01 -3.636812014221335598e-01
-9.640640099563143606e-01 6.754025147672415574e-02 -2.569414313368171832e-01
-9.961667141320023067e-01 7.967023415384077989e-03 -8.711144697081045496e-02
-9.139455652556316423e-01 -2.580409394907765691e-02 4.050156200506730420e-01
-8.272405047659259214e-01 -5.070092585738283919e-02 5.595556839062760801e-01
-6.820453915768454056e-01 -1.133912131277971108e-01 7.224655816121581253e-01
-5.606087284303268303e-01 -1.244453953277007419e-01 8.186764911669713873e-01
-3.147524037046861567e-01 -2.340647757295007125e-01 9.198611879652389689e-01
-1.886329490462807512e-01 -2.446649361827884783e-01 9.510818469179060930e-01
-7.217160299263609968e-02 -2.633696601340679844e-01 9.619915185916864120e-01
6.760991656821040141e-02 -3.379504128330718116e-01 9.387323461176758643e-01
3.405921228640838017e-01 -3.828371139543241264e-01 8.587390465223185831e-01
4.573445127348039208e-01 -4.311389713399826906e-01 7.777886499964282718e-01
5.402219142379307559e-01 -4.442493365312894515e-01 7.147047015156784422e-01
5.625838081228115017e-01 -5.636462837522248082e-01 6.048159436145363888e-01
5.137795236230339180e-01 -7.462761410347280577e-01 4.232050595491539391e-01
4.991337614995791649e-01 -8.089358966014611463e-01 3.106255033329864967e-01
5.026415715371260751e-01 -8.410422125971233065e-01 1.999986179762837935e-01
4.286271631357275180e-01 -8.976122537273454327e-01 1.028153538180657522e-01
3.633768075052800084e-01 -9.294648757422452334e-01 6.365799658113163728e-02
2.147740823638135677e-01 -9.752376540577871733e-01 5.275994363763019529e-02
1.397345823871598558e-01 -9.900694145855073458e-01 -1.538833283357902808e-02
8.945575336968328295e-02 -9.959318313629627051e-01 -1.083768734912793352e-02
4.138030076755012943e-03 -9.968174135130387636e-01 -7.961105968556937695e-02
-1.816096629140159513e-01 -9.797194343872250855e-01 -8.466262587608103241e-02
-1.786964860339336492e-01 -9.816267858527765178e-01 -6.690604737594015028e-02
-1.885721729511004030e-01 -9.819715743912433847e-01 1.312869666352363927e-02
-9.810727307228036542e-01 1.084009086239473146e-01 -1.604541680406089410e-01
-9.893108474158277543e-01 1.434710736907364725e-01 -2.607869244046106746e-02
-9.513040724495145373e-01 2.242863766945575321e-01 2.114620130666396980e-01
-9.190855310006356138e-01 2.957885689958992814e-01 2.603668741538329723e-01
-9.188383768801896556e-01 3.096029877435637623e-01 2.447080447235792378e-01
-8.912704120218282178e-01 3.302440669561227393e-01 3.107666470114197055e-01
-8.621614757644081584e-01 3.840451166760322499e-01 3.304344686394424246e-01
-8.219978341483518136e-01 4.731368372697586366e-01 3.169559809717883425e-01
-7.147160651916071306e-01 5.782773428183752840e-01 3.934161421954435189e-01
-6.475719350805005936e-01 6.043121900981911487e-01 4.641738529848742356e-01
-3.700986288477005060e-01 7.267497060926186858e-01 5.786725063620565823e-01
-3.114408154419634478e-01 6.789094353402939097e-01 6.648959295128585856e-01
-2.074884277464667526e-01 7.169416302480952075e-01 6.655398193710897470e-01
-8.956241178095150635e-02 6.765714028643622369e-01 7.309101936778060749e-01
9.470209022306072533e-02 6.227449701314925479e-01 7.766725283433872917e-01
2.063590653382199325e-01 5.399766416024406324e-01 8.159909084521014266e-01
2.899545781893995144e-01 4.750523707309203258e-01 8.308138104593227879e-01
3.530378447037740286e-01 3.939746155425307705e-01 8.486155092355012197e-01
3.719198015165451898e-01 3.912734007698830951e-01 8.417724081305254513e-01
4.502549108028964797e-01 2.368121975555506353e-01 8.609242117554752882e-01
4.912690301059116638e-01 1.414566621967336957e-01 8.594444442655709837e-01
5.333278126483057546e-01 4.867243580816596471e-02 8.445072162203670629e-01
5.221738006456709824e-01 -6.764401313212826082e-03 8.528122682009967592e-01
5.131002335839082162e-01 -1.485511025215464076e-01 8.453760821289963978e-01
5.321316221789900158e-01 -2.216562421177349917e-01 8.171318418758385382e-01
4.982530132071769646e-01 -2.894053902690896796e-01 8.173056068039450395e-01
5.042481650852985720e-01 -3.409451011348811900e-01 7.934042009091174519e-01
4.442814354664934018e-01 -5.258098881919673895e-01 7.253536844735695155e-01
3.967304831531458520e-01 -5.692147243234767506e-01 7.201385431640358048e-01
3.315788870460280036e-01 -6.677087949880928797e-01 6.664986172235216610e-01
2.797063287977377688e-01 -7.210512792494406797e-01 6.339159426321733237e-01
2.558724551898814981e-01 -8.190401596532279616e-01 5.135197207024448929e-01
2.551128107949040547e-01 -8.692331676148568054e-01 4.234987061214775528e-01
1.936495057138320763e-01 -8.885389231456274350e-01 4.159308247677699355e-01
1.415953891849386914e-01 -9.222789410101494001e-01 3.596558086987659553e-01
3.757858958524575022e-02 -9.687193292930222910e-01 2.452971884446714101e-01
-1.405103550586846335e-02 -9.793557047832476270e-01 2.016555774327137562e-01
-6.579969759320751510e-02 -9.852333099114647386e-01 1.580687345351446671e-01
-1.323404793950992420e-01 -9.861082963920415612e-01 1.003813991746528439e-01
-1.455720951225817072e-01 -9.816063665571586050e-01 1.235220881303219082e-01
-2.126910816883707811e-01 -9.759558974654775065e-01 4.767168942448993946e-02
-2.692381965818464451e-01 -9.622584889050562751e-01 3.961557814184528403e-02
-3.058632654586265209e-01 -9.515729387000525508e-01 3.092903452634524625e-02
-3.934343900976629560e-01 -9.187353065552821274e-01 3.368704761850960239e-02
-4.652515609714374945e-01 -8.834317549582945128e-01 5.558164575602852348e-02
-4.964683767758021893e-01 -8.679185749478814937e-01 1.537849544132505013e-02
-5.894551358429729326e-01 -8.071985115346070883e-01 3.119624664374409662e-02
-6.062903454818856508e-01 -7.944281624048408208e-01 -3.599877433363127266e-02
-7.155598773184062011e-01 -6.985070235520893789e-01 -7.874009173758378735e-03
-6.952241415827684623e-01 -7.175084083336605856e-01 -4.295435869617873076e-02
-7.864886753463442570e-01 -6.163933649434555351e-01 -3.866242627715892749e-02
-7.629929223316299636e-01 -6.403387757655927270e-01 -8.836318646846638702e-02
-8.735102716581234494e-01 -4.836845875864407285e-01 -5.503657910050432228e-02
-8.517385646822275280e-01 -5.112978679389859060e-01 -1.145247033355957234e-01
-8.727463693092520902e-01 -4.692505070786135435e-01 -1.346021413796325561e-01
-9.259751205854150902e-01 -3.514211373080675660e-01 -1.381059749248024771e-01
-9.575623915915399964e-01 -2.175604637068840608e-01 -1.890547826454962999e-01
-9.590224621881254796e-01 -1.788386144938148015e-01 -2.197559259372956764e-01
-9.689333835731070987e-01 -1.109414041919423444e-01 -2.210432153075281292e-01
-9.453246454516747166e-01 -1.211494745429106124e-01 -3.027938564760557782e-01
-9.395032931771530871e-01 -1.265813680146560261e-01 -3.182934485358165921e-01
-9.043710307999905940e-01 -1.355780824013128050e-01 -4.046376431106543659e-01
-8.962799281447754174e-01 -1.292421937304185642e-01 -4.242390196157647120e-01
-8.850966901769983242e-01 -1.424557687655144400e-01 -4.430690724742012976e-01
-8.528493757896505878e-01 -2.239461973060237754e-01 -4.716948620955870308e-01
-7.647500659856079075e-01 -2.987766083667410255e-01 -5.708676509208377992e-01
-7.446117021961028426e-01 -2.858342124004147888e-01 -6.032016379073059653e-01
-7.208411183789650289e-01 -2.602232240305063504e-01 -6.423954823388253743e-01
-5.998576934175062769e-01 -3.891220019400405961e-01 -6.991100165596285665e-01
-5.248875603177172167e-01 -3.935097661389219681e-01 -7.547470523142212340e-01
-4.125551694543004855e-01 -3.810589442061967369e-01 -8.274009386005023448e-01
-3.229732451223347178e-01 -3.984877215656135174e-01 -8.584263618369338822e-01
-2.520126356179378524e-01 -4.498454542714181992e-01 -8.568131060857099301e-01
-1.220707587472454059e-02 -4.533032374221543925e-01 -8.912727765623623677e-01
5.919657798041601943e-02 -4.644095865382563137e-01 -8.836399159650805135e-01
1.732707062923451447e-01 -5.003503629313603707e-01 -8.483081849513229855e-01
2.803443228880047045e-01 -5.458075023303934348e-01 -7.896209413537129684e-01
5.364228051263361108e-01 -5.686867614527897352e-01 -6.235751289850572920e-01
6.010085397271179852e-01 -5.424716497940922366e-01 -5.869525060383957715e-01
6.354625641776172618e-01 -5.863067810744454489e-01 -5.024258034724430333e-01
6.360763237692823591e-01 -6.344948764372670968e-01 -4.391163423456388992e-01
7.007306704817543030e-01 -6.806827083750137675e-01 -2.136529381156429541e-01
6.553262884605698391e-01 -7.392659552710876270e-01 -1.550267816527845788e-01
6.582125314257789572e-01 -7.528301192635314942e-01 -1.753568853734949976e-03
6.225990246629122815e-01 -7.799431255392584861e-01 6.371165837460918135e-02
5.963943981562219721e-01 -7.908107240224039325e-01 1.375940428181358921e-01
4.827504095562625830e-01 -8.107259461018975211e-01 3.311728889725786829e-01
4.489792852468939000e-01 -8.084264693725931039e-01 3.806103585518293420e-01
3.842229593067572613e-01 -7.994593885088032703e-01 4.617763567644928568e-01
3.474738528322866005e-01 -7.539309726666337808e-01 5.575392453019158978e-01
2.578992474976798954e-01 -6.859522624626810394e-01 6.804097822360136716e-01
2.395641724379501958e-01 -6.637061982369392155e-01 7.085923296974000474e-01
2.092764263973669048e-01 -6.258622818667808341e-01 7.513320048359801717e-01
1.508103668250169449e-01 -5.777828355498906276e-01 8.021366642923336565e-01
1.028575616750782296e-01 -4.945215599988014854e-01 8.630577898974142181e-01
5.032539719988547017e-02 -4.551617559682890057e-01 8.889854499937204224e-01
-1.150391062758020959e-03 -4.503012248649969074e-01 8.928759619821144966e-01
-1.734279712524832914e-02 -4.113418046858417498e-01 9.113161619908138888e-01
-1.046419540364898204e-01 -3.640056285287920357e-01 9.254998454104593764e-01
-1.556781896901922868e-01 -3.121873628989229599e-01 9.371783990793858266e-01
-2.491017574045532035e-01 -2.812826342784204847e-01 9.267299467004158631e-01
-3.112348493375398650e-01 -2.645807419983693398e-01 9.127594970864074675e-01
-3.741529166612877488e-01 -2.340313926186984861e-01 8.973510473737712489e-01
-4.211087180391410723e-01 -1.433440213487813808e-01 8.956114889476303187e-01
-4.486799535649572679e-01 -1.309407884493330176e-01 8.840479676970105505e-01
-5.247159525687408177e-01 -9.128912355399268486e-02 8.463683979453762163e-01
-5.587041772337913992e-01 -6.013912464190233897e-02 8.271837329329065902e-01
-6.681519731467285839e-01 -2.446343935824406984e-02 7.436225392730499983e-01
-6.589075474360223117e-01 4.951053751764988853e-02 7.505927994635700484e-01
-7.023834373259372210e-01 5.565735010195726334e-02 7.096194517837214333e-01
-7.522706670405197027e-01 6.878114706524891819e-02 6.552541471206421164e-01
-7.859419172516486363e-01 1.700360405776224770e-01 5.944602994410038699e-01
-8.088637650644268096e-01 1.378705837049275240e-01 5.716039815419957648e-01
-8.414557030958027539e-01 1.495483896428140003e-01 5.192182382031559351e-01
-8.497500630739427407e-01 1.718819729678558728e-01 4.983787893505376987e-01
-8.853242633655007410e-01 2.686246051758610087e-01 3.795283522880023019e-01
-8.920517513265936449e-01 2.522379346080412810e-01 3.749929296664492595e-01
-8.924978118487330025e-01 3.081915152936838265e-01 3.293412299518644337e-01
-9.115306763471322515e-01 3.031176807163666886e-01 2.779055553875639517e-01
-9.046922600251018354e-01 3.604609547370093425e-01 2.271559260964967630e-01
-9.122882014687894170e-01 3.514562335414859184e-01 2.102587771430097785e-01
-9.210829271782497996e-01 3.542863221632456261e-01 1.615160771836290365e-01
-9.285385355585671352e-01 3.526224044027982951e-01 1.160759574414132050e-01
-9.458434321657035460e-01 3.037049600577116926e-01 1.146451004855677802e-01
-9.527449007975747897e-01 2.927751836668773255e-01 8.099287519927718393e-02
-9.666598943977232627e-01 2.558397120282183135e-01 1.070935629722406281e-02
-9.716057657205734444e-01 2.330080200502152588e-01 4.110351093053899590e-02
-9.834047662680200919e-01 1.707610883353229969e-01 -6.128389994017022918e-02
-9.891939746563305214e-01 8.299005449397764411e-02 -1.208632754756277378e-01
-9.806475217856243098e-01 7.373898973930489986e-02 -1.813642726888074208e-01
-9.848765088884054997e-01 8.004659526373667650e-03 -1.730727814119051022e-01
-9.779339531086127524e-01 -5.025261562742604909e-02 -2.027803195084858234e-01
-9.283662647418960967e-01 -1.887350237787191465e-01 -3.201799014435884327e-01
-9.135537037341869837e-01 -1.829813928299346970e-01 -3.632319372956715475e-01
-9.000433197634744031e-01 -2.532535551984199662e-01 -3.546613304668345124e-01
-8.435656417633904391e-01 -3.116975089049305314e-01 -4.373118692406826602e-01
-7.904686214123205490e-01 -3.892997034561018199e-01 -4.728690087661663322e-01
-7.566339247282984903e-01 -4.158461761432350468e-01 -5.045563018507459585e-01
-6.724147369741283464e-01 -4.735134678921162354e-01 -5.688966665615079465e-01
-6.216367957117048260e-01 -5.346940979193512966e-01 -5.724245940449234071e-01
-4.659455520189562105e-01 -6.461555274710851782e-01 -6.044648681869890794e-01
-4.211995916827993569e-01 -6.826098460909868493e-01 -5.971890002217742355e-01
-2.950107454091190351e-01 -6.914282374583037294e-01 -6.594661875626827152e-01
-2.744244859917009394e-01 -7.405508277832602015e-01 -6.134131339951233164e-01
-8.028125472433113308e-02 -7.788040444454417122e-01 -6.221086565024710469e-01
6.324264126615107735e-03 -8.004860041354924238e-01 -5.993180798761614803e-01
1.366508582398700822e-01 -7.768102829834082623e-01 -6.147294748046037149e-01
2.417451076828362744e-01 -7.679095215544202713e-01 -5.931899102458464412e-01
4.086499684453178682e-01 -7.865702653558762636e-01 -4.629388954793354771e-01
4.279772211307987795e-01 -8.211383647008081432e-01 -3.775808313588523424e-01
5.461459230001605158e-01 -7.853239459440722881e-01 -2.915320406355613736e-01
5.307958329002021580e-01 -8.165526729146020957e-01 -2.269306416767014056e-01
5.689595668956901608e-01 -8.173977101095931674e-01 -9.025516464702783292e-02
6.281453567717267816e-01 -7.748420992095728099e-01 7.108538568948367942e-02
6.076881916728589239e-01 -7.583165689505949603e-01 2.359471189829790705e-01
5.687195586783621026e-01 -7.679463451223241810e-01 2.946463551275549375e-01
5.833997344212348279e-01 -7.187623459870433607e-01 3.781870434962502081e-01
5.227355146166533517e-01 -6.409549382058991052e-01 5.620714802833661761e-01
4.641473245252494273e-01 -6.214278630910722301e-01 6.311851329919900833e-01
4.509653840945924697e-01 -5.410542472212878096e-01 7.098524663000209678e-01
4.614893330043127184e-01 -5.097197009889200547e-01 7.260946370460262811e-01
4.132305654988348564e-01 -3.934479818272878515e-01 8.212424643998551543e-01
4.480442352971579223e-01 -3.083296234080034615e-01 8.391598218134992404e-01
