-3.901598952246891905e-01 6.081228194634361595e-01 -6.913478810310339506e-01
-3.948232342348389490e-01 6.208558359829475792e-01 -6.772389863513887942e-01
-4.717505168018672479e-01 6.842467167309030929e-01 -5.561095940011736571e-01
-5.324549489311504180e-01 7.162420488932823570e-01 -4.510976111174595515e-01
-5.632848568710494552e-01 7.694887190039314540e-01 -3.009938227695871382e-01
-6.133544667584990284e-01 7.766996523257903018e-01 -1.432967137948170933e-01
-6.402816143702519947e-01 7.590517384935662193e-01 1.178130408287584308e-01
-6.326481793980952562e-01 7.397921251651633501e-01 2.290499784935303151e-01
-6.573004227584962056e-01 7.009592217447319085e-01 2.767893128220851318e-01
-6.469491355373269137e-01 6.249265431668380444e-01 4.369480880757479202e-01
-6.411609090237592179e-01 4.922960609283001943e-01 5.886911559844481001e-01
-6.501226541458048347e-01 3.997401890973202310e-01 6.461797859627403939e-01
-7.051017732651939651e-01 3.129844042710457908e-01 6.362957268608500083e-01
-7.011604180658285168e-01 2.060990810411697238e-01 6.825666538380980031e-01
-6.894348350451617868e-01 7.874842412676530401e-02 7.200543687276688143e-01
-7.336138065355461979e-01 -1.526705613989323869e-02 6.793950984936875104e-01
-7.324278940492641166e-01 -5.146366579639790467e-02 6.788968044713102890e-01
-7.626056627460358062e-01 -8.951933974686623885e-02 6.406394391223227958e-01
-8.091049794759419544e-01 -1.965053816887288030e-01 5.538364082963510571e-01
-8.466327192956280001e-01 -2.155397207080453625e-01 4.865754488413776557e-01
-8.673787870989130289e-01 -2.212963693551054933e-01 4.457375422836483692e-01
-8.928824957847395494e-01 -2.322839072762317991e-01 3.857525568829081042e-01
-9.133006510344575668e-01 -2.423417368274143890e-01 3.273414171954233121e-01
-9.519126416417929004e-01 -1.259843463790964180e-01 2.792673757351102903e-01
-9.421402730301984274e-01 -1.766125580731796041e-01 2.849205332464316287e-01
-9.665383381855465750e-01 -1.403033603864592971e-01 2.147524339368226398e-01
-9.794231128434502942e-01 -7.819858970050337643e-02 1.860519997121724833e-01
-9.844455355536331220e-01 -5.542081889227978148e-02 1.667198859219549412e-01
-9.918335717898679738e-01 -8.067198418130187842e-02 9.878358587743449326e-02
-9.968016013710664369e-01 -6.012556562472898963e-02 5.264488448447647573e-02
-9.997507052205615308e-01 1.132698916385888564e-02 1.924127665908425058e-02
-9.915341351213300403e-01 5.653536760590430199e-02 -1.168923055588405174e-01
-9.884978156631049062e-01 1.922451326316312534e-02 -1.500082881679037639e-01
-9.860215021315453798e-01 3.350258872729817983e-02 -1.632151153625808759e-01
-9.777582966123158359e-01 9.595354759676039125e-02 -1.864983380874443708e-01
-9.321134395615598978e-01 2.525539481765678995e-01 -2.595785797194087863e-01
-8.740376687378978993e-01 3.369215215158821719e-01 -3.500600548000920020e-01
-7.999411598752793617e-01 4.177190091184255216e-01 -4.308189528775555055e-01
-7.371234209320327579e-01 4.471058034190323327e-01 -5.067005652873094457e-01
-5.977228022328304746e-01 4.403120772774920533e-01 -6.699647201864530333e-01
-4.770913739050047231e-01 3.781795235122110688e-01 -7.933246932634278048e-01
-4.718609510906545679e-01 2.863872271889194576e-01 -8.338642569020842110e-01
-4.517056062894216351e-01 1.898317129098729683e-01 -8.717373262746122009e-01
-4.244299978917029370e-01 7.479787241142325793e-02 -9.023660317035285816e-01
-3.822061108788532002e-01 -2.344979045098168902e-01 -8.938284072389770518e-01
-3.321589887338214919e-01 -3.869316251516805583e-01 -8.602059774616801491e-01
-3.128577398426179990e-01 -5.378845597434790404e-01 -7.828155817369327751e-01
-2.963794378002828078e-01 -6.831911854969061615e-01 -6.673897159145623093e-01
-2.449841920604546031e-01 -8.942416648196653828e-01 -3.745858920742202725e-01
-1.644724899318498190e-01 -9.754946114094932286e-01 -1.461474021892253117e-01
-2.155358099914417569e-01 -9.758539956311639285e-01 3.540189009114418084e-02
-1.968699412082885736e-01 -9.702559244694982654e-01 1.408746509507096123e-01
-3.006229593719579318e-01 -8.870278324797797875e-01 3.504389543196784196e-01
-3.135406955909923465e-01 -8.154812872756764808e-01 4.865002593129032493e-01
-2.986615096622940446e-01 -7.334377939857660289e-01 6.106310711055672469e-01
-3.192555365743163787e-01 -6.787829896484187664e-01 6.613089711553896688e-01
-3.548142059847941288e-01 -5.428019678757817212e-01 7.612311757288707792e-01
-3.608787411474320139e-01 -4.518049084579663366e-01 8.158669369947120220e-01
-3.928563125449025528e-01 -3.820074276134592939e-01 8.365011912375077685e-01
-4.606053975360541730e-01 -2.765857902091659049e-01 8.434115059773756862e-01
-5.316042198336295987e-01 -6.210799155720437420e-02 8.447127031362841043e-01
-5.224911668213464422e-01 -5.119677208464461227e-02 8.511062631198179629e-01
-5.357631798485672503e-01 7.939684424494432291e-02 8.406271208107052306e-01
-5.393936654476692016e-01 1.697920335461768626e-01 8.247576244080327967e-01
-5.943160584955837766e-01 3.357728459065020266e-01 7.307838384680672705e-01
-6.262907728838779109e-01 3.931157700906663388e-01 6.732160567800927753e-01
-6.217688299806819474e-01 4.539168159874052422e-01 6.382499872528866192e-01
-6.371691264917049846e-01 5.340235116682564565e-01 5.557287047033843130e-01
-6.524628350690342415e-01 5.330288326838087398e-01 5.386766306249178848e-01
-7.252891932911995632e-01 6.460675248294455164e-01 2.378073578671496269e-01
-7.214953110474328080e-01 6.734145408452604231e-01 1.611129179014986479e-01
-6.974911655631504948e-01 7.160433485763184613e-01 2.807128285224811878e-02
-6.910948497215101405e-01 7.219684165072705051e-01 -3.390448723086042504e-02
-5.836312319948636640e-01 7.695464725502646486e-01 -2.591771819153885215e-01
-5.850541255163160814e-01 6.970979216129258305e-01 -4.144468094934229963e-01
-5.570474584296993825e-01 6.767342560170154231e-01 -4.813822553751943567e-01
-5.062048849871235712e-01 6.317290137973943231e-01 -5.870903401877302086e-01
-4.475167919671485528e-01 4.880240255084898893e-01 -7.493739196382007695e-01
-4.287183884526782340e-01 4.192110223843251715e-01 -8.002891115803260069e-01
-3.972067575836460973e-01 3.928626653553282111e-01 -8.293887616189370426e-01
-4.092615180273596054e-01 3.322090582586386676e-01 -8.497894747952868810e-01
-3.300590292230156098e-01 1.507899895243914878e-01 -9.318387286905361888e-01
-2.910036334693952287e-01 1.536161477851751833e-01 -9.443087230600240023e-01
-1.983954618225058364e-01 6.176255630848861977e-02 -9.781741293688335226e-01
-1.967649063045162072e-01 2.435747894995009613e-02 -9.801480933339500323e-01
-1.262969733520086513e-01 -1.311573911050119556e-01 -9.832836891155313230e-01
-8.904667750711098284e-02 -1.478239129645252947e-01 -9.849968426247877051e-01
-7.045125137619290268e-02 -1.824199159323912356e-01 -9.806934258221311485e-01
-5.268839644879327877e-02 -1.991357326794528371e-01 -9.785544915076891392e-01
-9.692069303227220881e-04 -2.237246232659680645e-01 -9.746519140608235210e-01
-7.314739605601282280e-02 -3.150440900552610168e-01 -9.462540249697632966e-01
-5.078899981265638797e-02 -3.474950321812676490e-01 -9.363053348707192081e-01
-5.411054081732033505e-02 -3.745040265463037144e-01 -9.256450634411996781e-01
-5.304004328618809605e-02 -4.478445618764034797e-01 -8.925368352095791602e-01
-6.682292768295654273e-02 -4.600081060189616933e-01 -8.853966561562822690e-01
-8.765276771579012804e-02 -4.899236752099342396e-01 -8.673475570845591287e-01
-1.156009965873740913e-01 -5.837725955062589289e-01 -8.036454232582251889e-01
-7.493286997335504851e-02 -5.732522541092307522e-01 -8.159454137111392669e-01
-7.067258131317573355e-02 -6.004060663219034089e-01 -7.965663448667603674e-01
-1.021013509767413896e-01 -6.163466895231516363e-01 -7.808278122880716321e-01
-1.571249320257161464e-01 -6.951901459138615236e-01 -7.014430958817527983e-01
-1.884868105173445330e-01 -6.708118345742153377e-01 -7.172755431883720556e-01
-2.652383690123868987e-01 -8.030568529241493003e-01 -5.336181205461542065e-01
-2.642930463087201365e-01 -8.335378019990781207e-01 -4.851431936154542157e-01
-3.323489197274720475e-01 -8.899333263118915927e-01 -3.123505567074189582e-01
-3.985071257849799320e-01 -8.913970391593829534e-01 -2.158781815665481996e-01
-4.403798835516691823e-01 -8.968518056693404183e-01 -4.150176900641728422e-02
-4.489676267760481787e-01 -8.855134233644283981e-01 1.195577147175940630e-01
-4.346514834306164365e-01 -8.875369653457786390e-01 1.528274291361690906e-01
-4.712200011432817748e-01 -8.302756905412638222e-01 2.976474226643885945e-01
-5.294241855670600572e-01 -7.586196549155309610e-01 3.797449814184463146e-01
-5.547737318947647545e-01 -6.660135843270261757e-01 4.986501899041278496e-01
-5.298054445925023392e-01 -6.398106569683980061e-01 5.567301986688054649e-01
-5.952540269866131162e-01 -5.197015359334048457e-01 6.128482331741526012e-01
-6.182461066124331772e-01 -4.736571766332445810e-01 6.272325172393338200e-01
-5.680472836983175844e-01 -3.885384631693828972e-01 7.255068201753427370e-01
-6.021509779291039921e-01 -2.718065566651216569e-01 7.506899463379497206e-01
-5.743517658756114308e-01 -1.744196013860334904e-01 7.998111350112000473e-01
-5.891990718271409300e-01 -1.578674287485549721e-01 7.924155025605921221e-01
-5.750582158374394348e-01 -7.030289712231875543e-02 8.150862230795398178e-01
-5.291347963603219018e-01 -9.939611074359754050e-02 8.426961376734599662e-01
-5.312562709429574648e-01 -1.671913696018074436e-01 8.305503118501940119e-01
-5.586735595627270179e-01 -2.075515342583004741e-01 8.029982655476520792e-01
-5.740503451845839766e-01 -3.145426390466946609e-01 7.559954559486457004e-01
-6.732382279176595263e-01 -2.871447419336552453e-01 6.813942952873498493e-01
-6.594511337541820728e-01 -3.812423438787305718e-01 6.479031389213789627e-01
-7.369747231176208002e-01 -3.594903052947082678e-01 5.723940756898376891e-01
-8.026632798839254956e-01 -4.443120526692262429e-01 3.978925218935858710e-01
-8.627452176809051743e-01 -3.908289966004376836e-01 3.208167464223503629e-01
-9.137274618019379790e-01 -3.209125711853098029e-01 2.492333188083437345e-01
-9.324821134211641604e-01 -3.020955050640086736e-01 1.980288210582507313e-01
-9.844513229718199199e-01 -1.751482216737331177e-01 -1.336761547779895774e-02
-9.807522604574361313e-01 -1.574954150169893541e-01 -1.154131615382562176e-01
-9.641301409064619854e-01 -8.972496476881160199e-02 -2.498049280797344507e-01
-9.362076899262468110e-01 -1.152385190495340550e-01 -3.320169348846992996e-01
-8.235664223489830293e-01 -6.878056334116557091e-02 -5.630342636871830120e-01
-7.304547168320909556e-01 -1.532701127004637287e-01 -6.655405165807237733e-01
-6.721647259655758599e-01 -7.867847058967455953e-02 -7.362093991747811206e-01
-6.047370538641912985e-01 -1.207901425897503767e-01 -7.872120661783620355e-01
-5.094194586087601451e-01 -1.329631843403809854e-01 -8.501838664670269274e-01
-3.917276835340894325e-01 -1.293032055693725535e-01 -9.109501100403363250e-01
-2.989474677626849930e-01 -1.839892053299404806e-01 -9.363644503292162247e-01
-2.052075766064557771e-01 -1.988731103619232610e-01 -9.583002329532638308e-01
-1.426319369634694023e-01 -2.122791003177584290e-01 -9.667438720397103502e-01
-1.960375723549154930e-02 -3.948306580930498466e-01 -9.185447425858257464e-01
-1.137867606297176832e-04 -4.258551750909652656e-01 -9.047913333475384734e-01
6.652487974560074291e-02 -4.962088583564430166e-01 -8.656507432350698528e-01
1.377933585430717034e-01 -5.373690817182603663e-01 -8.320140986513955283e-01
1.070308943331244739e-01 -7.386189259410478325e-01 -6.655722875089861157e-01
8.712968070009714794e-02 -7.973691942686877976e-01 -5.971689767330539134e-01
3.372136163505363299e-02 -8.472103255239888941e-01 -5.301863201696310757e-01
-2.171474544775106597e-02 -9.115512337492436279e-01 -4.106127349223002709e-01
-5.811381911670975009e-02 -9.751287983426430994e-01 -2.138845732410434020e-01
-5.857248164822410896e-02 -9.938301146279463483e-01 -9.418581449545071482e-02
-1.119240962274821310e-01 -9.930441080946964538e-01 3.655675125158569516e-02
-1.566287696616679159e-01 -9.814139844265140633e-01 1.108784004499802633e-01
-1.860418304975677839e-01 -9.146264437959967797e-01 3.589525116421428130e-01
-2.049543881614024621e-01 -8.536860391726432962e-01 4.787628278125916625e-01
-2.228118961697804767e-01 -7.659205955394779997e-01 6.030924475183537803e-01
-2.265456108922306866e-01 -6.834132161053567689e-01 6.939909669714722229e-01
-2.869698838297891630e-01 -5.196045368530123332e-01 8.047728940865763736e-01
-4.100744915506701060e-01 -1.980990749491420289e-01 8.902784215534788048e-01
-4.781529273824260406e-01 -2.660553979314547388e-02 8.778735235145959104e-01
-5.365361236731857053e-01 9.808344163656759762e-02 8.381578768170577787e-01
-5.944787640249030725e-01 1.352753838070304138e-01 7.926509759404097855e-01
-6.547838359565260058e-01 3.492013184216100630e-01 6.703107990944698891e-01
-7.191535818811615188e-01 4.376820894026410280e-01 5.396781580568499326e-01
-7.251454388239890747e-01 5.179254663746635234e-01 4.537811188594689793e-01
-7.890009580896928387e-01 5.446628914751897588e-01 2.842882740871182645e-01
-8.271176792430284808e-01 5.611727646863426955e-01 -3.100762580258676140e-02
-8.357643930565863410e-01 5.262171037696466991e-01 -1.568229543116711755e-01
-8.567473436500590012e-01 4.299277567877158868e-01 -2.848615682959891315e-01
-8.339659752381877178e-01 3.651471788386651540e-01 -4.137248964362459369e-01
-7.689949136815585895e-01 2.436329590180867644e-01 -5.910074483557575808e-01
-7.098218591803263644e-01 1.629570540925177058e-01 -6.852721552429174023e-01
-6.471914928039207426e-01 6.761497203838741366e-02 -7.593229795011346983e-01
-5.451936615713296463e-01 3.691743375442840813e-02 -8.374968504223966326e-01
-3.586211729858219122e-01 1.094973765552138302e-02 -9.334189614163345139e-01
-2.477965642349460318e-01 -4.432457051969104084e-02 -9.677976003284990414e-01
-1.200965976613369568e-01 -9.725993433118836073e-02 -9.879864940392979467e-01
-5.483824734541838802e-02 -5.907028933140086313e-02 -9.967464409499475764e-01
8.127597664756613938e-02 2.912527163622189233e-02 -9.962659956919639459e-01
1.512261486026864055e-01 8.017643898028629923e-02 -9.852423004577293142e-01
2.176536815712911133e-01 1.639946413093215927e-01 -9.621500052072389231e-01
2.872411145756764150e-01 2.868323868958156941e-01 -9.139035637992513061e-01
3.215939965496098507e-01 3.683984849919638704e-01 -8.722728114752145157e-01
3.640529472914956211e-01 5.533537683453527700e-01 -7.491762533785845113e-01
3.257127553843849888e-01 5.962004581776625400e-01 -7.337957581293700349e-01
3.251736057349774445e-01 6.670254626349451099e-01 -6.703276499816719358e-01
3.347648281358053257e-01 7.299010179810094812e-01 -5.959672925534511556e-01
3.125165759184740932e-01 8.656929721533735966e-01 -3.910358906039836935e-01
3.689964207857044376e-01 8.760149821497806855e-01 -3.105469247898921537e-01
4.354521325815335908e-01 8.715308970059998384e-01 -2.254225716163136828e-01
4.774391212776576410e-01 8.426424601507767065e-01 -2.490091761856672581e-01
6.328690572122490643e-01 7.485074688121109432e-01 -1.980235479829753065e-01
7.049224443928466810e-01 6.451379060580128000e-01 -2.947565598223327310e-01
7.971915325546891085e-01 5.286165831757887457e-01 -2.916336201720582388e-01
8.323212916549422857e-01 4.630071124349067757e-01 -3.047387098688613682e-01
8.519820545292478009e-01 3.663250930079214318e-01 -3.740755338068229019e-01
8.458348174332722680e-01 3.521103590518835369e-01 -4.007265360142456823e-01
8.365767201758461669e-01 2.491649433050404649e-01 -4.879100555303404474e-01
7.980215768996005155e-01 2.310695677914447188e-01 -5.565684303330096228e-01
6.721709971248889248e-01 2.844753603147782695e-01 -6.835641301281905058e-01
6.055680060210216764e-01 3.916885617462882996e-01 -6.927246644092065475e-01
4.663581289876182479e-01 4.903017393973685412e-01 -7.362841162697202346e-01
3.897263641458506567e-01 5.100964709626960580e-01 -7.667561225064063457e-01
2.131396480270071614e-01 5.384513405621971227e-01 -8.152555699200688677e-01
9.362822467008610761e-02 5.379210872615349803e-01 -8.377796007450264426e-01
-4.292191691520146762e-02 5.170295555770317852e-01 -8.548907226705303453e-01
-9.506873180048192040e-02 5.015716815370340198e-01 -8.598766100516748168e-01
-1.813784549406023405e-01 4.821496666399185949e-01 -8.571076682904985589e-01
-3.744547833506702283e-01 3.667653176792976533e-01 -8.516259842051595585e-01
-4.550199447949168086e-01 3.328803003545005024e-01 -8.259222454170418448e-01
-5.143662593758202561e-01 2.637020344645993886e-01 -8.160199680369086828e-01
-6.132722240610519737e-01 1.535148341130230798e-01 -7.748098959760788551e-01
-7.567054421878945947e-01 -4.700355296095921204e-02 -6.520640610954335781e-01
-8.335445374068184421e-01 -9.627392150903607559e-02 -5.439989303266365983e-01
-8.922101535165827269e-01 -2.326187347638191405e-01 -3.871040767013390616e-01
-9.179056568820996853e-01 -3.097206525084837958e-01 -2.480369377200907499e-01
-8.686007161821963640e-01 -4.931578092325782370e-01 -4.825112476097970227e-02
-8.262887191610709392e-01 -5.623367847878099068e-01 3.200457876093729115e-02
-7.735212071094680342e-01 -6.290213881471766744e-01 7.744052818331141619e-02
-7.303780472495651210e-01 -6.618591071891272160e-01 1.687910848555789212e-01
-5.718860576250651695e-01 -6.991473003708434941e-01 4.291146577294023268e-01
-4.836392437966429703e-01 -6.981286180195821478e-01 5.279294598351940149e-01
-4.278316718818614972e-01 -6.988063520434396603e-01 5.732623682734734327e-01
-3.510795145256835337e-01 -6.482051162891737661e-01 6.757020805776382533e-01
-3.323296790889397334e-01 -5.084045160555513698e-01 7.944065913944591273e-01
-3.154514533422197453e-01 -4.572433409104380564e-01 8.315160297777440812e-01
-3.342982571918190482e-01 -3.843018464626664632e-01 8.605560795461836276e-01
-3.220235929145113807e-01 -3.136820296744530223e-01 8.932549411370442893e-01
-3.511200529123537084e-01 -2.600330231398672032e-01 8.994984910046081028e-01
-3.729452557290738324e-01 -1.003710611386910562e-01 9.224085246326971799e-01
-4.134117564572747372e-01 -5.855297832641418593e-02 9.086595998238379268e-01
-3.807280262350746236e-01 -3.507303110513002205e-03 9.246804144481677312e-01
-4.296314686482313183e-01 8.106015645608710685e-02 8.993586893906561075e-01
-3.747657101774719002e-01 1.660298526768125837e-01 9.121319808532595275e-01
-3.839247272145515644e-01 2.916965272258373321e-01 8.760792999709664519e-01
-3.987016886694865758e-01 4.065583695612545179e-01 8.220384757368685014e-01
-3.935384192158056793e-01 5.380765379614413924e-01 7.453865788277612703e-01
-4.417919239813146159e-01 7.768354392384790863e-01 4.487166101762308790e-01
-4.097992979951637915e-01 8.820698510793505420e-01 2.324162498181302217e-01
-3.435667360999841158e-01 9.296521975839944218e-01 1.330739996124468971e-01
-2.551430764692850239e-01 9.657408576586014037e-01 4.739837949358163827e-02
2.728143881730715412e-02 9.996175215064541097e-01 -4.531422883744529173e-03
1.416266802965909510e-01 9.808104652791956868e-01 -1.339877405846335301e-01
2.467772469540450986e-01 9.641609780727551371e-01 -9.744023166829317295e-02
2.898066686580791917e-01 9.540915348572694965e-01 -7.564018716929434005e-02
5.570575369176117286e-01 8.304457201551891377e-01 6.841523164687053453e-03
7.773821088656406308e-01 6.031925452639034235e-01 1.784259234350858425e-01
7.890571266953507745e-01 5.650731586071494617e-01 2.410003656283880580e-01
8.772213305893230562e-01 4.293597094767662159e-01 2.147858864942581991e-01
8.970262906739971953e-01 2.410751149991401665e-01 3.704411191644372270e-01
8.932914232857115389e-01 6.782568417162250160e-03 4.494267791863921779e-01
8.762555911232383643e-01 -1.484479782780451784e-01 4.584095731662080619e-01
8.423161063078542510e-01 -2.480647568366557698e-01 4.785054372417794077e-01
7.636465252200561604e-01 -4.286373117149039347e-01 4.828188475247776057e-01
5.901714429482673996e-01 -7.143747860067040101e-01 3.759871447885362317e-01
4.656580233982337558e-01 -7.857318146913501167e-01 4.071708739911142350e-01
3.506899586622727050e-01 -8.576242792338498733e-01 3.761610673130234561e-01
1.987245251608894259e-01 -9.000769587133858884e-01 3.877757489746371244e-01
-6.554071945423971257e-02 -9.397886457798577675e-01 3.354127537179846796e-01
-2.082659770329738091e-01 -9.167921150332902780e-01 3.407601805130510697e-01
-3.225325492502220115e-01 -8.879165323193912718e-01 3.279893082221744804e-01
-4.355428481047819433e-01 -8.711154116667614300e-01 2.268487756665737154e-01
-5.881878666738145078e-01 -7.939085914226304830e-01 1.540914727135866136e-01
-6.426514953604847147e-01 -7.635642117016080421e-01 -6.299801678969606245e-02
-6.801513744478980827e-01 -7.291591065727772714e-01 -7.563798740463846537e-02
-7.156278102428031973e-01 -6.807780005798230727e-01 -1.562630830798780457e-01
-8.037374129679863977e-01 -5.461069908535192141e-01 -2.361637684668050630e-01
-7.881397942916303911e-01 -5.338785235920140426e-01 -3.062831805717673994e-01
-7.533550962299323528e-01 -5.451235173765731634e-01 -3.678266572549930835e-01
-7.611959619780317432e-01 -5.379300133958179186e-01 -3.622319811340710127e-01
-7.848151200590169907e-01 -5.237669324204644594e-01 -3.312603625995832468e-01
-8.264078178615031911e-01 -4.762930650958348555e-01 -3.003248819512017165e-01
-8.733726218614427106e-01 -4.006562424444423676e-01 -2.769383302707839611e-01
-8.849592709478372177e-01 -3.901665543125348301e-01 -2.541990335531512657e-01
-9.123481547114721257e-01 -3.245116124040116623e-01 -2.496258360216750127e-01
-9.619953562871638164e-01 -1.432646176768830049e-01 -2.324654464728667935e-01
-9.657204459357988657e-01 -5.480726143158055202e-02 -2.537325055958187248e-01
-9.605027722699371884e-01 -6.918165205673818680e-03 -2.781844054794450627e-01
-9.532847465947696941e-01 5.414985529805136505e-02 -2.971800549850978079e-01
-8.882323905167033296e-01 2.355815861708517034e-01 -3.943913496695993226e-01
-8.444229923894238654e-01 3.284599281770875234e-01 -4.231594090954303722e-01
-7.843939627910290202e-01 3.875457605866614030e-01 -4.842875123191717757e-01
-7.096787774696772244e-01 4.660355543784781007e-01 -5.283624654196102943e-01
-5.728986228222856525e-01 5.407831990832381308e-01 -6.159064048681643921e-01
-5.124384306992079141e-01 5.600909544145691310e-01 -6.509262458416545938e-01
-3.674262411575239806e-01 6.073589427813532726e-01 -7.043529455694567121e-01
-2.568824787168785262e-01 6.449586164194700544e-01 -7.197498004407887340e-01
-8.250950258677132443e-02 6.659416680057907989e-01 -7.414269193902719435e-01
-1.114906027625756080e-02 6.552606889744209129e-01 -7.553205464832288829e-01
5.910004173795822130e-02 6.422509392914682591e-01 -7.642126118076031371e-01
1.271383971625742737e-01 5.992668568306755983e-01 -7.903891840550540948e-01
2.139637152089089722e-01 6.287529474573637644e-01 -7.475889643632245285e-01
2.104720775240015440e-01 6.491439793694926408e-01 -7.309675770039807396e-01
1.991013007090449427e-01 6.454272707465730230e-01 -7.374159682517028580e-01
2.226906728545316183e-01 6.620077790410998642e-01 -7.156497500262726241e-01
1.812583367541776014e-01 7.377710553562956131e-01 -6.502609362675624283e-01
6.620623469220378310e-02 9.243604135703757940e-01 -3.757320325869018540e-01
3.280696815362046243e-02 9.453757266157761796e-01 -3.243276712928767069e-01
-5.081838184881265659e-03 9.870680130863569435e-01 -1.602214481972195348e-01
-2.577651079333055997e-02 9.976462037217141976e-01 6.354229843948881740e-02
-1.414707380290565475e-01 8.789357283712307956e-01 4.554755928412061450e-01
-1.723217620617704948e-01 7.346278460521038500e-01 6.562218665396427619e-01
-1.996002014161607496e-01 6.367413824193562943e-01 7.447953890225927909e-01
-2.765141719945216070e-01 4.395150349314963512e-01 8.546147943695743265e-01
-3.040346301978815724e-01 2.397505524708051783e-01 9.219992495823307044e-01
-3.419270324749201784e-01 1.276042198783406134e-01 9.310225923854560381e-01
-3.805600969584589377e-01 -2.073181735822716629e-02 9.245237716532730410e-01
-4.460508220900250009e-01 -1.430723962589156018e-01 8.834981344301440220e-01
-4.489760920730899718e-01 -3.999299865314717706e-01 7.990472292797923259e-01
-5.082505645003755346e-01 -4.866455582687109205e-01 7.105332253331889669e-01
-5.681129212837812137e-01 -5.243863470485820022e-01 6.342449587497345220e-01
-6.480232365153769658e-01 -5.407761833490871695e-01 5.363086839298150110e-01
-8.320287842736213690e-01 -4.596388041249758749e-01 3.105805400902020286e-01
-8.475795679373259173e-01 -4.927483946643769763e-01 1.969971968604004031e-01
-8.854737008105396656e-01 -4.571360084864404261e-01 8.344456194367368129e-02
-9.338962794450134108e-01 -3.571884846411506054e-01 1.594131984874139554e-02
-9.613576789436963921e-01 -2.725396604773032139e-01 -3.890432627491647449e-02
-9.841729535665865169e-01 -1.576840905041414498e-01 -8.086609345024116380e-02
-9.852601053781305795e-01 -1.489465661573144140e-01 -8.412755303834591747e-02
-9.942075690990949122e-01 -4.416045490117324196e-02 -9.798552836511005559e-02
-9.932680027037463777e-01 5.816899833809076326e-02 -1.001750589580736317e-01
-9.898267236095457111e-01 1.044689282656832835e-01 -9.658830289124792357e-02
-9.810783968236328478e-01 1.459196205275282154e-01 -1.272503187857404461e-01
3.104217552088846949e-02 9.694735600145288901e-01 -2.432229425273979562e-01
1.131675852918388181e-01 9.925701564828782741e-01 -4.469431841709509134e-02
1.583131900698496186e-01 9.867544609589069537e-01 3.539163216926513589e-02
2.334130086135740578e-01 9.530747819640972285e-01 1.927870000649631321e-01
2.765049361659023819e-01 9.390077160708948378e-01 2.044737866701060724e-01
3.095719672665611100e-01 9.321618585391481249e-01 1.877217796835311814e-01
3.549224034392515215e-01 9.030229083304082138e-01 2.420324659366930586e-01
4.887087938135378784e-01 8.267889980567564301e-01 2.785384489466788960e-01
5.663373992494914466e-01 7.301978835665956513e-01 3.821949777877604593e-01
5.909164489476442794e-01 6.674539204040810247e-01 4.531258263444372103e-01
6.568836438307498193e-01 5.608296160202049796e-01 5.039583517139745172e-01
6.420746096003018266e-01 3.456154414492096927e-01 6.843172965361081772e-01
6.461187891530165706e-01 2.850419706923673635e-01 7.080124188510051875e-01
6.151699458910602214e-01 1.659576725958798182e-01 7.707295171322743332e-01
6.076533522578461133e-01 4.143609069172370096e-02 7.931207057428202312e-01
4.277600001417901643e-01 -1.425610211442940589e-01 8.925792612026069994e-01
4.196192038397505431e-01 -1.822009292592377538e-01 8.892258122355445327e-01
3.557828967318794056e-01 -2.418602498837095771e-01 9.027303860617866826e-01
3.452343671791788804e-01 -2.578650908688670529e-01 9.023961583637104544e-01
2.547406609772975838e-01 -3.501992990314325982e-01 9.013698722515318673e-01
8.022716968926781045e-02 -4.188462975535336419e-01 9.045061526984468081e-01
1.032107186552398866e-02 -4.345623179059529551e-01 9.005826265988879920e-01
-7.798981487926326395e-02 -4.464312108391122469e-01 8.914127903299471356e-01
-1.463345530127476701e-01 -4.028795938597795612e-01 9.034789601567588813e-01
-2.995678888198858303e-01 -4.024099089492520487e-01 8.650580010423875033e-01
-3.460487561552262337e-01 -4.176092287303636019e-01 8.401504570269848760e-01
-4.158463637241345823e-01 -4.185129789232148734e-01 8.074148179530961089e-01
-4.672862642279482226e-01 -4.349375459148304701e-01 7.697225983544156991e-01
-6.300486474753018706e-01 -3.373495495171965342e-01 6.994526311731820156e-01
-6.848072977437227316e-01 -2.742245828445530331e-01 6.751591242963920214e-01
-7.494995379951606695e-01 -2.868013955638778478e-01 5.966535025017893901e-01
-7.805256158150365442e-01 -2.776279057492194169e-01 5.600915184198566044e-01
-8.701088990169817405e-01 -2.316675050896251919e-01 4.350180121983508452e-01
-9.125647584001377322e-01 -1.928259800869855378e-01 3.606157277901113067e-01
-9.417746504749436864e-01 -1.301495321670808614e-01 3.100348480404864770e-01
-9.712448808786098287e-01 -7.138865167695310210e-02 2.271278093471641168e-01
-9.906161339699981472e-01 1.819183822448300694e-02 1.354574920052378784e-01
-9.958906893880509203e-01 5.810125869348704147e-02 6.946926319189575261e-02
-9.948302450562138688e-01 7.402078427188991949e-02 6.952486617871120322e-02
-9.944613574173084558e-01 9.079990588290651199e-02 5.293378595358132210e-02
-9.796189774864187960e-01 2.000999589112950061e-01 -1.751186432569174986e-02
-9.626452803943902348e-01 2.701239186743465415e-01 -1.863149737462778399e-02
-9.563560849303561762e-01 2.868407235692714274e-01 -5.572645797947552854e-02
-9.524671488816639497e-01 3.034579835308010010e-01 -2.682503555737652742e-02
-8.947160176889505934e-01 4.392451400206605627e-01 -8.091325391464453121e-02
-8.500354586432982140e-01 5.037100980622791768e-01 -1.539995329835997795e-01
-8.285195943836516363e-01 5.531847271849054115e-01 -8.684433966420151974e-02
-8.086249692918295873e-01 5.823242261247760787e-01 -8.381023031807149914e-02
-7.384798231824548642e-01 6.646876121751997823e-01 -1.133045849612509676e-01
-7.049467580120213350e-01 6.997976457683197093e-01 -1.154700105891480755e-01
-6.484908640528732615e-01 7.439136555724045197e-01 -1.614065435255331582e-01
-6.172637712774993179e-01 7.689798569417576335e-01 -1.662991770458083496e-01
-5.839171556172834121e-01 7.902689192477576619e-01 -1.857842583396195069e-01
-5.113974617004884982e-01 8.360431603162392644e-01 -1.987573149716322374e-01
-4.622444176916495895e-01 8.625088435035310752e-01 -2.059334678752079151e-01
-3.029349575448598841e-01 9.130058269538781079e-01 -2.732229336010417176e-01
-2.474654610323600568e-01 9.334800316423091937e-01 -2.595686347021049500e-01
-1.232319621540096805e-01 9.409567556551754475e-01 -3.153002814628606543e-01
-1.065855932452476756e-01 9.427377714390916541e-01 -3.160458916274879182e-01
-1.074192370126891838e-01 9.018095257808225185e-01 -4.185698110597316779e-01
-1.252080124604983136e-01 8.887282909786451413e-01 -4.410045106683924132e-01
-1.057146837789052635e-01 8.618677352777051048e-01 -4.959923512724825900e-01
-1.192097203701228403e-01 8.517480738403593321e-01 -5.102100168347488696e-01
-1.717020124478873533e-01 8.110070928691419656e-01 -5.592726653764590328e-01
-2.197976073840302580e-01 7.779318067157749983e-01 -5.886519480033900464e-01
-2.753683784381635857e-01 7.269542333725912409e-01 -6.290546866036406115e-01
-2.955659351407101121e-01 6.708254767182399991e-01 -6.801720060177012250e-01
-3.220173718275990971e-01 5.975541660899990060e-01 -7.343254257001672336e-01
-3.417174305836181980e-01 5.532811192703408487e-01 -7.596770370981926757e-01
-3.705886402766916943e-01 4.419224323386096720e-01 -8.169263268458176741e-01
-3.905099407768757858e-01 3.136148136540590770e-01 -8.655332083814987199e-01
-3.949655325124114547e-01 1.771050249911520491e-01 -9.014632761516526704e-01
-4.242489721667558333e-01 9.172101504597948707e-02 -9.008884864478990950e-01
-4.187008288334085893e-01 -3.139781551601929926e-02 -9.075812873319053509e-01
-4.437227432577461328e-01 -1.979029507735517446e-01 -8.740392149045381753e-01
-4.565155197502652751e-01 -2.985143637519689919e-01 -8.381424430613821919e-01
-4.883654218762516486e-01 -4.016473184523446371e-01 -7.747119763471271847e-01
-5.423241676942854861e-01 -5.048736727137632663e-01 -6.715557100756545106e-01
-5.042307843164749448e-01 -6.737277039448257288e-01 -5.402243025677631039e-01
-5.563969324114620418e-01 -7.009098438949030729e-01 -4.462598394818177439e-01
-5.987548823258148634e-01 -7.219081905578980107e-01 -3.469022272866251200e-01
-5.919888606186625157e-01 -7.590979525954735241e-01 -2.707757139567324445e-01
-6.754810519578424710e-01 -7.289250743723265646e-01 -1.113264766227010788e-01
-7.150495751606863459e-01 -6.968327270919557614e-01 5.593081007914965652e-02
-7.791932301909075820e-01 -5.997463095055204363e-01 1.821051187066630161e-01
-7.897071781932759604e-01 -5.641437440169757567e-01 2.410485610754030950e-01
-8.076482631657849742e-01 -4.281507032447555705e-01 4.054519186245298390e-01
-7.870877292276498016e-01 -4.205638853395821664e-01 4.512415371476084514e-01
-7.883537135463583034e-01 -3.016862702989868139e-01 5.361751734748195775e-01
-7.918849874786832999e-01 -3.161812549966621089e-01 5.224438540117217755e-01
-7.672930856135959932e-01 -2.287084455703676522e-01 5.991275053728989386e-01
-6.786564070118600300e-01 -1.869291692845582442e-01 7.102696437919457928e-01
-6.374978594629822082e-01 -1.606542707774691325e-01 7.535162138010537136e-01
-5.965720491880888154e-01 -1.146561320672880163e-01 7.943272383009997162e-01
-5.420076430708483661e-01 -6.582896949884944893e-02 8.377912995654127615e-01
-4.843051388202417318e-01 2.921607261659143681e-02 8.744112039613675114e-01
-4.568542747367706491e-01 5.278294416412968038e-02 8.879741733069187459e-01
-4.427864658797690534e-01 5.604369490507871837e-02 8.948738737358973294e-01
-4.050372940751861273e-01 1.595915192537847860e-01 9.002640375970373254e-01
-3.901817022702572246e-01 2.503062209970976504e-01 8.860615299986995819e-01
-3.487654770581228303e-01 3.259742028635932432e-01 8.786941794958386120e-01
-3.423828223108558166e-01 3.139477088420171147e-01 8.855567960889357826e-01
-2.659372484018134863e-01 3.805665873113989184e-01 8.856898173371011707e-01
-2.336334246412847537e-01 4.838384927620336118e-01 8.433953615073707111e-01
-1.708715895147053243e-01 5.702488962669590711e-01 8.035042602270587864e-01
-1.572400133499471386e-01 5.891570707499002024e-01 7.925714631420345269e-01
-8.746966708928756440e-02 6.456083854062537597e-01 7.586427815727367907e-01
-5.156843246717855711e-02 7.231763946397720133e-01 6.887355072948532220e-01
-1.486538545786762061e-02 7.398973750225236179e-01 6.725554956655755978e-01
-1.479481298658419548e-02 7.813480031924379121e-01 6.239201963519709349e-01
5.617719764325312254e-02 8.066059387338959663e-01 5.884139546817032107e-01
9.472568571396228210e-02 8.331947944980960807e-01 5.448059093725903246e-01
1.240137479086341060e-01 8.598055497948442483e-01 4.953332281117825975e-01
1.223197885585506628e-01 8.663723789096035022e-01 4.841867102570099890e-01
1.459424185632795246e-01 8.967372988938181466e-01 4.178074044778521401e-01
1.692121940268954128e-01 9.329435050624179659e-01 3.177792468907534862e-01
2.359659988901388616e-01 9.161979258951674643e-01 3.238848683609225065e-01
2.514546283088279210e-01 9.240524344549921887e-01 2.879195517499137380e-01
2.661271265654929219e-01 9.255155084662700649e-01 2.694390396628072448e-01
3.500442563594285961e-01 9.215044861663005404e-01 1.682215817460911145e-01
3.444508412607061310e-01 9.330279002355280626e-01 1.039834378008016313e-01
3.629047924967932492e-01 9.284460496658212270e-01 7.929719063618144437e-02
3.339167336903861583e-01 9.317505143595868899e-01 1.426204541858884789e-01
3.111290987705794819e-01 9.485279645671516047e-01 5.910485878761033429e-02
2.527990649712574811e-01 9.673025697616558505e-01 -2.045412628676320649e-02
2.258465518441104269e-01 9.736734267242661556e-01 3.087706448402661660e-02
2.207294001539809591e-01 9.722206347815578464e-01 -7.788176431365925745e-02
1.531774803210408931e-01 9.822944307331289426e-01 -1.078624627624234777e-01
6.452944396207066502e-02 9.805864126689149973e-01 -1.851654345472020236e-01
2.940234093232345358e-02 9.824601352340474048e-01 -1.841401233397998716e-01
-2.134651778220680515e-02 9.575383973858597741e-01 -2.875144234821847000e-01
-7.155898519489095611e-02 9.536300284048149223e-01 -2.923509544409066407e-01
-1.754886096845049148e-01 8.852446403835944055e-01 -4.307501300558367885e-01
-2.267487508626058190e-01 8.613781349853931735e-01 -4.545467110774578101e-01
-2.426195245181305138e-01 8.272014102382981848e-01 -5.068269854914663197e-01
-3.415459167722252332e-01 7.925946087966360132e-01 -5.051140196457901688e-01
-3.238293575116896750e-01 7.768850999154682802e-01 -5.399852671535577686e-01
-4.169074290880836475e-01 6.640947290704360961e-01 -6.206177457920686313e-01
-4.896647434567921731e-01 5.854866607202493523e-01 -6.460911771058674979e-01
-5.236374025046798275e-01 5.153931532249127478e-01 -6.783610899123221349e-01
-5.807509842165075042e-01 4.372924155676560787e-01 -6.866612247815965242e-01
-6.338468670826081786e-01 2.823136510125092147e-01 -7.200952378272956755e-01
-6.697502036621323374e-01 2.081651028988322771e-01 -7.128127065573751642e-01
-6.978642086821273960e-01 1.154543922575976683e-01 -7.068633740327030512e-01
-7.094524405934939937e-01 5.871258738666896432e-02 -7.023034006882620250e-01
-7.631319807841063785e-01 -1.590641995962632782e-01 -6.263610462914551702e-01
-7.456968152631443525e-01 -2.192549066057697116e-01 -6.291768794510006479e-01
-7.530280246446949821e-01 -3.065735384106377248e-01 -5.822039673912312585e-01
-7.700811244245975296e-01 -3.751444293975321198e-01 -5.159861615362834053e-01
-7.720126810738444645e-01 -5.164364676175717817e-01 -3.705263758167015031e-01
-7.583994395545567979e-01 -5.986698623034988342e-01 -2.577298703154992099e-01
-7.785230281568558119e-01 -6.078520958100239735e-01 -1.562617171569573582e-01
-7.806854311758825160e-01 -6.246343638441846924e-01 -1.903073973068624899e-02
-7.661828080826461607e-01 -6.278794765247676102e-01 1.368622210749742274e-01
-7.418629551117909005e-01 -6.224204373318149575e-01 2.494637348884062855e-01
-7.506128071756357212e-01 -5.797514560593390875e-01 3.169679209336301873e-01
-7.058684619634868485e-01 -5.117646131078442684e-01 4.897414574812715138e-01
-6.771611649595725702e-01 -4.681420133860761390e-01 5.677110285818179891e-01
-5.888517358249735212e-01 -4.337293096881253418e-01 6.820062456703588349e-01
-5.519712955479825212e-01 -4.249301822101663739e-01 7.174691834064489404e-01
-5.013686060092332752e-01 -4.006043530431323552e-01 7.669065609520182569e-01
-4.219205534976439020e-01 -3.687180604794646488e-01 8.282693030726803185e-01
-3.347641971944644856e-01 -3.122084000544507187e-01 8.890775259853247459e-01
