-4.120441661292921776e-01 6.431176487178856815e-01 -6.454605294411071004e-01
-4.207338206215641696e-01 6.912094096534875387e-01 -5.875479590566701216e-01
-4.653574653980896980e-01 6.822280346841728127e-01 -5.639213935374652875e-01
-5.625230721531160327e-01 7.571389271614652472e-01 -3.321271417276903115e-01
-5.863566206993126029e-01 7.937907661419847383e-01 -1.614996376150839297e-01
-6.294207528485005199e-01 7.768739697219352314e-01 -1.721484975561401315e-02
-6.142890281894113347e-01 7.651056523863601910e-01 1.930345319691552930e-01
-6.262019671428716849e-01 7.118637975583913535e-01 3.179953302678260041e-01
-6.047726413706256965e-01 6.545484851340752641e-01 4.536698500653131849e-01
-6.365098610336634710e-01 5.977459298975696944e-01 4.873961428835850707e-01
-6.581016787836068138e-01 4.735867341915947493e-01 5.853356178979187696e-01
-6.494941309481701008e-01 3.446893323751774041e-01 6.777511623085833437e-01
-7.029756303203646972e-01 1.819538038887479614e-01 6.875449632032082370e-01
-7.001326606637554573e-01 1.476262367926791108e-01 6.985848206784360803e-01
-7.219445169481881752e-01 4.449607432712988919e-02 6.905188004811467772e-01
-7.574297048730156412e-01 -1.109059496871697553e-01 6.434284051081078371e-01
-7.549156939543922862e-01 -1.335573391444052627e-01 6.420784470623699391e-01
-7.735276074842405425e-01 -1.686138790168038304e-01 6.109209443640097881e-01
-7.912614696539370662e-01 -2.454897436228162255e-01 5.600357778009327214e-01
-8.164144190996359685e-01 -2.528125501789401097e-01 5.191852374232388545e-01
-8.795492530762146766e-01 -2.463679424332117229e-01 4.070576720248600400e-01
-9.175157968563060207e-01 -2.367392652990413793e-01 3.195610783321521375e-01
-9.271567093121371173e-01 -2.562042255937300728e-01 2.733858649700203758e-01
-9.273416154032789738e-01 -2.558243422077617346e-01 2.731143245514651707e-01
-9.567059671348543404e-01 -1.658411213745285828e-01 2.391869873337631180e-01
-9.693383037892253640e-01 -1.360969862166774569e-01 2.045992745582570216e-01
-9.804183827570250864e-01 -1.063137064311350383e-01 1.657624522531390698e-01
-9.760187867629264158e-01 -1.437428884998895040e-01 1.634787750490362956e-01
-9.952736825764859629e-01 -2.758824171336501235e-02 9.310846196670463648e-02
-9.979798469005433104e-01 -2.539064215510952738e-02 5.823693391069999226e-02
-9.991328803500290068e-01 7.994332641019707628e-03 -4.086047049508067380e-02
-9.971298525223990517e-01 -1.218374831546952843e-02 -7.472358051943026047e-02
-9.884276460538107267e-01 -5.258210361257718325e-03 -1.516019120602356551e-01
-9.807934160672686641e-01 5.470799057013413930e-02 -1.872199529080058045e-01
-9.778563014046669499e-01 6.727156451081438282e-02 -1.981706093532855928e-01
-9.461411677923232677e-01 2.245236696547579236e-01 -2.332509643567197422e-01
-8.471810936517009116e-01 3.893097774268505784e-01 -3.615551019678246436e-01
-8.246103415625859467e-01 4.244528755824764632e-01 -3.739753213753579386e-01
-7.556218723098234724e-01 4.386136040574272754e-01 -4.864706490866135824e-01
-6.510528980527278131e-01 4.980061893028513986e-01 -5.728175620153392877e-01
-5.765472943107612380e-01 4.519560272007628887e-01 -6.806827211703289082e-01
-4.787191728612004149e-01 3.096990294981496472e-01 -8.215317794601694201e-01
-4.581275715838693530e-01 2.030738221301797708e-01 -8.653786170920255705e-01
-4.299370134045356062e-01 5.827915719800449978e-02 -9.009759732318496361e-01
-4.079233923300601972e-01 -6.459924232959701751e-02 -9.107279746885883487e-01
-2.991899819947062555e-01 -4.322915146708090073e-01 -8.506523385129938220e-01
-2.666181703497747524e-01 -5.463275445728211777e-01 -7.940031267447066332e-01
-2.130657223836567582e-01 -7.279402228132973995e-01 -6.516947367868312080e-01
-1.796258421559481511e-01 -8.146516928948565051e-01 -5.514319324207754835e-01
-1.441027680646090048e-01 -9.604914603720369204e-01 -2.380977672900553010e-01
-2.065778199118190606e-01 -9.784106643541397030e-01 -6.178689065750915359e-03
-2.535560242476018189e-01 -9.615382603787351323e-01 1.056102097128177875e-01
-2.647707729972242907e-01 -9.412830598786288139e-01 2.094818344200237992e-01
-2.762304156139148703e-01 -8.602710431162596816e-01 4.285212828616875025e-01
-2.993299871769090625e-01 -7.755895974117706926e-01 5.557538440382746581e-01
-2.787673561032137926e-01 -7.319222371071806288e-01 6.217544531398578878e-01
-3.108493688901657337e-01 -6.618496716069373065e-01 6.821493106749980662e-01
-3.250352083372485823e-01 -5.529349341071687629e-01 7.672125337773506581e-01
-3.995060073616845120e-01 -4.287189266960306777e-01 8.103055176749872635e-01
-4.452248635204527072e-01 -3.781702338124643958e-01 8.116416051197846704e-01
-4.808011129392892880e-01 -2.607348977358818765e-01 8.371664129066574978e-01
-4.701852890320678546e-01 -1.854247240836233990e-01 8.628693213206406476e-01
-5.170391008105871267e-01 3.296557255308076723e-02 8.553267441505773006e-01
-5.556988375870096641e-01 1.614950661137758703e-01 8.155477579672163468e-01
-5.630236588678391163e-01 2.001898545229557624e-01 8.018281497310686401e-01
-5.752548541565387641e-01 3.397940985041484896e-01 7.440576747746724395e-01
-6.265406426240464066e-01 4.287687377159825064e-01 6.508488247647757907e-01
-6.404975135793780083e-01 5.493933716349633789e-01 5.365909599519931295e-01
-6.983132396653798368e-01 5.415307518653612595e-01 4.680844625622370692e-01
-6.944383244110812203e-01 6.211800132070059988e-01 3.631677364266734376e-01
-7.097111515761436173e-01 6.836172263259833182e-01 1.702279918193051189e-01
-6.753373587278554968e-01 7.342146666314093295e-01 6.962955701289623434e-02
-6.581767695432390042e-01 7.520991363884027558e-01 -3.391502731009916893e-02
-6.501239082712360062e-01 7.473253077997742411e-01 -1.372726783307810783e-01
-5.894751675159861648e-01 7.274112481702608157e-01 -3.512718362143247286e-01
-5.461536346073129211e-01 7.055677233518725666e-01 -4.515422407364313440e-01
-5.271285768988276388e-01 6.485117515605649530e-01 -5.491520477103449815e-01
-4.819451191231198250e-01 5.917085106085597790e-01 -6.462274681772679497e-01
-4.612091036416725021e-01 4.610490036442669859e-01 -7.581028815119182918e-01
-4.281410122171857568e-01 3.936887365230342106e-01 -8.134521819950699673e-01
-4.094559151145991671e-01 3.386242392524134726e-01 -8.471596532935159463e-01
-3.559021761574903686e-01 3.182277680590795965e-01 -8.786721394482127634e-01
-2.748590114656691563e-01 1.252954755542721732e-01 -9.532856694725584390e-01
-2.433846153068088825e-01 1.123889783090402383e-01 -9.633964119647772106e-01
-1.786535627813015670e-01 3.255189354588268469e-02 -9.833734177473605342e-01
-1.434863906670217071e-01 1.566142780442469906e-02 -9.895283600647722944e-01
-1.086279415331791731e-01 -3.923905904255033800e-02 -9.933077401106463755e-01
-9.184980141127867259e-02 -1.070509480262635815e-01 -9.900018729817571250e-01
-7.265024552510380984e-02 -1.609097862570693094e-01 -9.842916145695066454e-01
-3.579722395147618558e-02 -2.290654602629700054e-01 -9.727525757724219124e-01
-6.879615461038096624e-02 -2.251630091088178132e-01 -9.718892470029117936e-01
-8.828539956816751355e-02 -3.279746422791640081e-01 -9.405521369094554940e-01
-7.079334210588167364e-02 -3.517644362301949879e-01 -9.334077801888801540e-01
-8.755694377336113721e-02 -3.646505272165566081e-01 -9.270187563354669313e-01
-1.137730036141792606e-01 -4.177238989712060424e-01 -9.014224580499985429e-01
-1.190139155873911614e-01 -4.664004461011262426e-01 -8.765308390314786591e-01
-1.080845469405144477e-01 -5.307725499076523246e-01 -8.405939751016494599e-01
-7.698364003648573706e-02 -5.389244156443576683e-01 -8.388289416735216220e-01
-7.032315925599808004e-02 -5.726359097917389507e-01 -8.167880802810745244e-01
-1.161127420121007142e-01 -6.001655179783511596e-01 -7.914032993185009524e-01
-1.668285005528580278e-01 -6.421162362314218885e-01 -7.482345825817449114e-01
-1.729540728420851103e-01 -6.742057286423079887e-01 -7.180066323880506252e-01
-1.870175351285823240e-01 -7.394350179807123169e-01 -6.467304660662688276e-01
-2.932514801436905683e-01 -7.787014215504878267e-01 -5.546419254517135355e-01
-3.315733452217441979e-01 -8.437051773044407232e-01 -4.221619245362426276e-01
-4.246002617764365605e-01 -8.700748297057380176e-01 -2.503685451727368227e-01
-4.391884698385881691e-01 -8.827305579122423085e-01 -1.670336795044066736e-01
-4.746952000779846581e-01 -8.798280054963316665e-01 2.381486441845124397e-02
-4.708029722033671982e-01 -8.722586370965260683e-01 1.323232079983950871e-01
-4.756981481455185845e-01 -8.592431046718398413e-01 1.881822492288311166e-01
-4.839566100998119458e-01 -8.046094448684195655e-01 3.440779574009825148e-01
-5.466071860084290579e-01 -7.412902478994608524e-01 3.894988479740376652e-01
-5.923973427918250989e-01 -6.121604365816469828e-01 5.237604300988689676e-01
-5.724556691901091510e-01 -5.753546292668906270e-01 5.841759644090666059e-01
-5.998650861515962829e-01 -5.058414457314469592e-01 6.199083078945285541e-01
-5.799298870400655392e-01 -4.712698772083381282e-01 6.645193969732822170e-01
-5.819857194091836439e-01 -3.233710550266659101e-01 7.461392518657062878e-01
-5.801829766480981476e-01 -2.813147606853934057e-01 7.643622956610773844e-01
-5.817116927427878892e-01 -1.818151258684674587e-01 7.928144590834310668e-01
-5.644691893157302021e-01 -1.636965178197836435e-01 8.090599386738410725e-01
-5.157525911273960206e-01 -2.584677683516714564e-01 8.168192440611838911e-01
-5.264802054460452352e-01 -2.710653173413432593e-01 8.058177132628240313e-01
-5.647925756206980674e-01 -2.784801208576905829e-01 7.768257004057115278e-01
-6.105403600924707019e-01 -3.865867318804257491e-01 6.912243973068137315e-01
-6.787340252650547745e-01 -4.070012093503109774e-01 6.112856439790487206e-01
-7.098304293971496870e-01 -4.576238466252891546e-01 5.354635155654694501e-01
-7.256439506152587704e-01 -4.568054108921319467e-01 5.145577455593788319e-01
-7.784762140269547714e-01 -4.159726429422967442e-01 4.700441942177983612e-01
-8.752569552581088708e-01 -4.068537417629775610e-01 2.615249416131645854e-01
-9.125272605468244258e-01 -3.462449735165777365e-01 2.177347401619975642e-01
-9.234959427369847651e-01 -3.703574112203542046e-01 9.995314753665897334e-02
-9.716389213251837020e-01 -2.343446800960770349e-01 3.162874446924881372e-02
-9.782182408197102053e-01 -1.980736453857920576e-01 -6.209592845891606649e-02
-9.424469861044065810e-01 -1.399527207732228773e-01 -3.036559143683734696e-01
-9.072445205455298423e-01 -1.399868926816584813e-01 -3.966245703652832022e-01
-8.677854135969488292e-01 -9.967090195551119025e-02 -4.868410287267778136e-01
-7.886962822871355083e-01 -1.449936653522478636e-01 -5.974403830627549317e-01
-6.515234602219674986e-01 -1.430944525904280507e-01 -7.450108444970716670e-01
-5.695161600846145866e-01 -9.604960024137909613e-02 -8.163490783334952372e-01
-5.135525262703966032e-01 -6.760040186527736805e-02 -8.553911318390825524e-01
-4.265663383956603827e-01 -1.176784426965664238e-01 -8.967680542215081818e-01
-2.393566782944195059e-01 -1.972608936007397284e-01 -9.506821342655490392e-01
-1.846518082386579274e-01 -1.930397344356776235e-01 -9.636593644245859958e-01
-1.090424925602544448e-01 -2.331322693053601569e-01 -9.663121027001473351e-01
-3.625174120494401714e-02 -3.018545570765297503e-01 -9.526644937393971002e-01
3.396568920306490547e-02 -4.125162635579742720e-01 -9.103167933511545629e-01
9.064972601501514182e-02 -4.846262443677232246e-01 -8.700115116729424392e-01
1.211717113293260123e-01 -5.325321037066476082e-01 -8.376914556656852584e-01
1.442587628577236269e-01 -6.591918460944228286e-01 -7.380078044176673346e-01
1.078804048381232505e-01 -7.510399643477121412e-01 -6.513837503381167959e-01
2.073406854799168808e-02 -8.468555321066377761e-01 -5.314186731211376635e-01
3.718995142874993720e-02 -8.663587875020337670e-01 -4.980354995687887310e-01
-1.611978859361510794e-02 -9.233784463666591114e-01 -3.835523395850846673e-01
-8.358851816669936319e-02 -9.876119257542949059e-01 -1.327992610619062319e-01
-1.042482719190020030e-01 -9.941335150769596840e-01 2.882450351056117799e-02
-1.351208153316806604e-01 -9.802827381248241378e-01 1.441808537864836259e-01
-1.509322731520210403e-01 -9.562018601417300312e-01 2.507936434255443880e-01
-1.654222759405040433e-01 -9.194761105261635148e-01 3.566499022772081084e-01
-1.691253655186957250e-01 -8.101917680375875230e-01 5.612360552764723565e-01
-1.753751358703765362e-01 -7.152983387594106235e-01 6.764553557231064440e-01
-2.382671442552999341e-01 -5.771635959795351489e-01 7.810959937449404311e-01
-3.103452565143857145e-01 -3.782451049796728970e-01 8.721332824275980222e-01
-4.850445050765816446e-01 -6.586720462947720511e-02 8.720053551723823126e-01
-5.332511702819473509e-01 1.535109241760072331e-02 8.458176714602975155e-01
-5.727216434801241096e-01 1.960374729725765652e-01 7.959643385729991971e-01
-6.269506497974915993e-01 2.933942756157846277e-01 7.217012413418670835e-01
-7.045460148694111524e-01 4.987655836252266606e-01 5.048245294383172377e-01
-7.509753109785316516e-01 5.095029427180474135e-01 4.200509893600392064e-01
-7.739075045890277949e-01 5.604249012835671451e-01 2.949425441710437079e-01
-8.297156446113542749e-01 5.407657330868480550e-01 1.383631851548988156e-01
-8.495674018084492518e-01 5.102231327885964340e-01 -1.338192234016894189e-01
-8.335703548241540917e-01 4.848224671164896860e-01 -2.647784714386991478e-01
-8.431764444215729126e-01 4.009343283997448548e-01 -3.581970796687764524e-01
-7.849993127260984638e-01 3.617484922787043700e-01 -5.029056644676386245e-01
-7.144100291701174221e-01 2.100872537657053063e-01 -6.674441220254592189e-01
-6.156342897209042819e-01 1.448187461937615883e-01 -7.746108391125861026e-01
-5.426791891517482869e-01 6.948540979525000272e-02 -8.370609747725593630e-01
-4.424139879222980798e-01 9.101113793094171844e-02 -8.921809435664963539e-01
-2.587673805216075817e-01 -9.166349704053517594e-03 -9.658961749645188499e-01
-1.421739928502219752e-01 -2.102219132342959818e-02 -9.896184230444511343e-01
-3.698702934303760986e-02 -3.967037171379859950e-02 -9.985280272823924275e-01
-6.353463157509138710e-03 5.169595431587908907e-02 -9.986426597203210687e-01
6.190232091475701692e-02 8.252721447774649666e-02 -9.946644467034650994e-01
2.044660172231002326e-01 2.420108104657536507e-01 -9.484853269390265407e-01
2.655168880716016755e-01 3.474914823245198736e-01 -8.993055386578469035e-01
2.848605801423183537e-01 4.396022626703688374e-01 -8.518241018755420280e-01
2.844440891406724847e-01 5.075713230029816891e-01 -8.133037023264655385e-01
2.950525941324975143e-01 6.947493936130638703e-01 -6.559475945302062350e-01
3.153625865162740238e-01 7.551024619254244064e-01 -5.747753570047422489e-01
3.391468634594310139e-01 7.843808011077270104e-01 -5.193516764767687199e-01
2.896496033036224382e-01 8.264564181887682492e-01 -4.827762381690361426e-01
3.547549553570199521e-01 8.960090765503164745e-01 -2.670517859687286943e-01
4.089114292197398304e-01 8.953587667472874267e-01 -1.764202988951285023e-01
4.728398747908943434e-01 8.516419770478725892e-01 -2.261158900602126542e-01
6.007543964142215698e-01 7.760280328966679964e-01 -1.920277254656535537e-01
7.268276388116728937e-01 6.469295931536992450e-01 -2.306592399220928069e-01
7.872880690804385795e-01 5.524607709232347563e-01 -2.737966268501123013e-01
8.005678735285683967e-01 5.356523109296057461e-01 -2.686404319340613966e-01
8.415611944339760342e-01 4.328957799594264633e-01 -3.230727467865082692e-01
8.466654730940934570e-01 3.584611268496169512e-01 -3.932724211129706160e-01
8.250598667583822765e-01 2.827282118165749814e-01 -4.892248711049371201e-01
7.498887367401249060e-01 2.786245057357749633e-01 -6.000293887084154898e-01
7.294602948843628143e-01 2.985133325775619628e-01 -6.154489974487376003e-01
6.295436390980850838e-01 4.268607261393523866e-01 -6.492031476748437724e-01
4.106658598933579651e-01 5.462400836804367499e-01 -7.300515889297403138e-01
3.079154545145135757e-01 5.498764269205060895e-01 -7.764174057736328294e-01
2.038130956367968372e-01 5.874414590404657410e-01 -7.831811758765366838e-01
1.293695159929161564e-01 5.604436984124049337e-01 -8.180259098840231280e-01
-9.600231587205329542e-02 5.478377582783221511e-01 -8.310579678649289148e-01
-1.648760480220889668e-01 5.440356837219956221e-01 -8.227035089421697034e-01
-2.180370671292146956e-01 5.467764584065173405e-01 -8.083905874576449158e-01
-3.083260382050377335e-01 4.503486840746682707e-01 -8.379266775303195747e-01
-4.615843036119817167e-01 3.919799301687302839e-01 -7.957962459096921126e-01
-5.715662313411501438e-01 2.788126931636903949e-01 -7.717353985151157447e-01
-6.794829838651845755e-01 1.567772074619257494e-01 -7.167452698540155431e-01
-7.111348508282039349e-01 6.911624255385137583e-02 -6.996500331971586828e-01
-8.349555196457032480e-01 -1.481226156415284545e-01 -5.300084630915679051e-01
-8.809897987271920750e-01 -2.959550858673843377e-01 -3.691443642910600120e-01
-8.724590019639428817e-01 -3.799905138200131427e-01 -3.072824422235723163e-01
-8.775618600779873102e-01 -4.432403124980686671e-01 -1.828201496364051659e-01
-7.604042556134494868e-01 -6.482108887852577883e-01 -4.010002126161656133e-02
-7.484816660818620626e-01 -6.587191409777445328e-01 7.657864486175175456e-02
-6.988695970269862556e-01 -6.911995845981115938e-01 1.839141664003505761e-01
-6.069441034515079547e-01 -7.303200276700339000e-01 3.134509729917679954e-01
-4.779714024318488796e-01 -7.700437992349850047e-01 4.225824010972080158e-01
-3.545924329289773524e-01 -7.440146230865684052e-01 5.663094976625945298e-01
-2.934279325808007988e-01 -7.318421960489404077e-01 6.150667024507352476e-01
-2.806767274319644234e-01 -6.797129920587483554e-01 6.776509596426661952e-01
-2.866072323503576214e-01 -5.834856818350628860e-01 7.598689054422084199e-01
-3.349385076281931606e-01 -4.480373815736231613e-01 8.289021056918906005e-01
-3.343215163299433912e-01 -3.649786174855127463e-01 8.689187145511434451e-01
-3.517813682217260651e-01 -3.041766038446276910e-01 8.852832668957427709e-01
-3.638168857108072807e-01 -2.358493918708055026e-01 9.011172720716545959e-01
-4.067173338787165027e-01 -1.104732110380471782e-01 9.068498662764039597e-01
-4.159474085191677828e-01 -4.956879560244780575e-02 9.080367216410971665e-01
-3.442296147473201673e-01 2.061933996288729202e-03 9.388832306304690789e-01
-3.742989004464158387e-01 8.452851342635492315e-02 9.234474882431239484e-01
-3.732729747833040124e-01 2.732991327919651603e-01 8.865522377793553233e-01
-3.653638524516701902e-01 3.943847982402878261e-01 8.431903025050998535e-01
-3.716947997653008429e-01 5.318639648739048598e-01 7.608966412700496340e-01
-3.528040611356097478e-01 6.534701049448173871e-01 6.697059924994178681e-01
-3.800721560631327711e-01 8.800672464492871327e-01 2.846520646555917300e-01
-2.847385548269015243e-01 9.458353521392961483e-01 1.559469205807585968e-01
-1.709509620326178647e-01 9.801702649970267522e-01 1.002098807293017452e-01
-4.780137602847046169e-02 9.977928924149971346e-01 4.609091337670210425e-02
1.769949683557874576e-01 9.832246231228499722e-01 4.406950943298064416e-02
2.638968266965420195e-01 9.642931582597135121e-01 -2.229730461294285662e-02
3.865276654371812559e-01 9.216456150236409517e-01 -3.414270287158102657e-02
4.873600460111670030e-01 8.730434334246894856e-01 -1.659364052951972299e-02
6.648147505644088628e-01 7.265436380033202246e-01 1.736539360592872783e-01
8.616299255821358027e-01 4.473734296832663215e-01 2.396891440068877333e-01
8.633975115258176736e-01 3.869734756559018440e-01 3.237225142461004346e-01
9.006687410215259426e-01 2.703768529216116212e-01 3.401355264463044037e-01
9.236270705042538554e-01 7.385355148503296163e-02 3.761099407949455853e-01
8.635426470786863318e-01 -2.532663704875282584e-01 4.360621999857466347e-01
8.411185638290727962e-01 -3.804699703036333869e-01 3.843984433881987850e-01
7.432456492800657566e-01 -5.448035473281835905e-01 3.882975658498016847e-01
6.813964877322297164e-01 -6.294250562593153298e-01 3.735276764299252372e-01
4.688292131218022574e-01 -8.284763970554384072e-01 3.063103466186397061e-01
3.647638901897787278e-01 -8.796486098303764045e-01 3.052304500489836370e-01
1.603488233624394688e-01 -9.329089271873355349e-01 3.224425350670344637e-01
1.995520468882614959e-02 -9.511143977881223455e-01 3.081934329702115671e-01
-2.330772988775183241e-01 -9.247511735176433545e-01 3.008491978146218271e-01
-3.534647418780444417e-01 -8.966865146219927807e-01 2.664882187717688700e-01
-4.790384177976598767e-01 -8.587627454185791098e-01 1.817931279093338015e-01
-6.001769563970764665e-01 -7.991573653818538903e-01 3.369163643807907005e-02
-6.981874558798133457e-01 -7.156153233094255661e-01 -2.071196506418768873e-02
-7.343674189281514941e-01 -6.759948597308376161e-01 -6.111827577975460779e-02
-7.891396482453327810e-01 -5.853313588244430932e-01 -1.861338656557792182e-01
-8.247933920364768356e-01 -5.043525920983652489e-01 -2.556253573036574855e-01
-8.341706634477475957e-01 -4.262988570078001249e-01 -3.498979690666809694e-01
-7.809790374575652505e-01 -4.903031391823822194e-01 -3.868779843306623945e-01
-7.386760946500017244e-01 -5.125789236561683060e-01 -4.377447592103254626e-01
-7.809873984709798656e-01 -4.902102540330025571e-01 -3.869787982182356090e-01
-8.400897711063903817e-01 -4.401687351738537979e-01 -3.170183923021855921e-01
-8.534397366182596700e-01 -4.316841505930177902e-01 -2.920435071829885487e-01
-9.046611097274693813e-01 -3.134293151378783615e-01 -2.887045911634665285e-01
-9.185050537813662652e-01 -2.859227345734788317e-01 -2.731238840382025912e-01
-9.474672635683285549e-01 -2.105780915199668979e-01 -2.407543391886259321e-01
-9.580648982249222456e-01 -7.513703295118509540e-02 -2.765250026101833125e-01
-9.554155442893185191e-01 2.770541069136180090e-02 -2.939618137594885439e-01
-9.576925310915672673e-01 7.911848572370260013e-02 -2.767043207256003612e-01
-9.297028270915700388e-01 1.893729780013079234e-01 -3.158963888696079692e-01
-8.606010519450032481e-01 3.415381549536888328e-01 -3.777797216659252721e-01
-7.638249910052636871e-01 4.628066857748496798e-01 -4.498681525935221970e-01
-6.863395099001251554e-01 5.132961301618161887e-01 -5.152331122035537225e-01
-5.907683110965223916e-01 5.854969098649054349e-01 -5.551451802391960122e-01
-4.751605234642843900e-01 5.944997865049055363e-01 -6.486851939013014157e-01
-3.262456695248051597e-01 6.651690090310243830e-01 -6.716501712506269817e-01
-2.652955385250432285e-01 7.026689458353546636e-01 -6.602080200946810473e-01
-1.499772410383139742e-01 7.073051940772422386e-01 -6.908155973933202132e-01
-2.688603192073233533e-02 6.697284938432341850e-01 -7.421191857256017599e-01
5.877640821034074009e-02 6.584715966357725936e-01 -7.503069307035806768e-01
1.244081291652078952e-01 6.476616733595284003e-01 -7.517027166764456148e-01
2.001881078959260873e-01 6.533174609894619733e-01 -7.301376696372622321e-01
1.957551005904580588e-01 6.697565548109701838e-01 -7.163142452028715690e-01
1.860907868416324384e-01 6.884640065299738598e-01 -7.009903927767898724e-01
1.821363874984171238e-01 7.085226580331434043e-01 -6.817785413187156252e-01
1.595791337581656533e-01 8.252486441978269527e-01 -5.417556417044882000e-01
1.274327076294969607e-01 8.875551647294479540e-01 -4.427264783004261073e-01
5.524397836717215987e-02 9.857589852618260373e-01 -1.588311236179561492e-01
4.195773032648482739e-03 9.999685140352416735e-01 -6.735460400664266926e-03
-6.668449088710215467e-02 9.756481436287142150e-01 2.089590354805740957e-01
-8.184796904284487307e-02 8.855322849407227803e-01 4.573111438519992245e-01
-2.005178079224517740e-01 6.476047150397831187e-01 7.351195424991883165e-01
-2.025263761430747822e-01 5.051982881007510695e-01 8.389027098933607984e-01
-1.820059640234749365e-01 4.275136376038388142e-01 8.854975543289880235e-01
-2.683653534951839226e-01 2.725704945276751223e-01 9.239509524624905934e-01
-3.473821514253431220e-01 2.086957580196009340e-02 9.374913875214782033e-01
-3.917423707663820198e-01 -1.088499288000640136e-01 9.136134893632839038e-01
-4.439776284729443079e-01 -2.327445951759780640e-01 8.652825081046711109e-01
-4.889430074158854223e-01 -3.779944339388264241e-01 7.861647050143980575e-01
-5.525204420339262512e-01 -5.599696747568244648e-01 6.173776190366565553e-01
-6.104380895015666386e-01 -5.774669893030793810e-01 5.421228782766085441e-01
-7.053739353473490459e-01 -5.439132925219132275e-01 4.545392629361796888e-01
-7.826887801135147260e-01 -5.184790850929569261e-01 3.443511460785176892e-01
-8.479954123689970036e-01 -5.229106822375547692e-01 8.641874219745196428e-02
-9.155332458134513018e-01 -3.984465514870491609e-01 5.512913402516743389e-02
-9.247419027844590023e-01 -3.798584429926153971e-01 -2.366382305977483141e-02
-9.585366802589478930e-01 -2.830400686281772660e-01 -3.310214719791104709e-02
-9.810262080459477563e-01 -1.852418323236160180e-01 -5.721051200940301812e-02
-9.936240254511213843e-01 -6.703853363055352343e-02 -9.064839245664672862e-02
-9.935664291584460628e-01 3.551775194891412801e-02 -1.075371570473665633e-01
-9.917793019953847766e-01 4.901367110715384307e-02 -1.182009990573133495e-01
-9.866652922440807272e-01 1.473400357023710028e-01 -6.915572977076282768e-02
-9.815559781949162454e-01 1.603239370264563923e-01 -1.041349935716039538e-01
1.264418286777811706e-01 9.871904618098154005e-01 -9.730085339986517534e-02
1.204628906208858180e-01 9.867557620698700349e-01 1.086358964853259140e-01
1.702030108378006223e-01 9.566357193039931595e-01 2.363874693241568292e-01
2.229418051779198107e-01 9.351411727837956045e-01 2.753324144893909420e-01
3.540094887055314499e-01 8.998963542988235309e-01 2.546837910549755168e-01
2.849629740702437353e-01 8.928989305121335374e-01 3.486080941391491717e-01
3.372144915905965212e-01 8.823269773607634869e-01 3.283070082753555829e-01
4.170391195243168814e-01 8.495377438916312807e-01 3.230541664951864789e-01
5.827411402416500241e-01 7.060159319967999059e-01 4.024354199577264146e-01
6.159482380202838669e-01 6.279454404538136192e-01 4.757018939346090991e-01
6.247037980805512092e-01 4.872885368369876957e-01 6.101598532606039571e-01
7.077863825959886945e-01 3.324349376047716631e-01 6.233180960564167483e-01
6.754296889586207664e-01 1.196196339461011587e-01 7.276578031244230749e-01
6.087475342107973031e-01 3.223511645503020911e-02 7.927088600863527734e-01
5.897925364230400813e-01 -8.664151774433305475e-02 8.028935243123058729e-01
4.980861766287199011e-01 -1.492823328945320216e-01 8.541808624272436701e-01
4.850322742761174477e-01 -2.254616971098742928e-01 8.449323736529879003e-01
3.538376199260203636e-01 -3.114415687702903335e-01 8.819314530999502466e-01
3.403503055939305355e-01 -3.539351090540654443e-01 8.711438503835087221e-01
2.548013169031480563e-01 -4.058625593315904889e-01 8.776969134258320038e-01
1.722428799349285111e-01 -4.857828078256364868e-01 8.569407528719604761e-01
1.508407735068959150e-02 -4.984636839492208593e-01 8.667793412364241945e-01
-7.173994851138928985e-02 -5.089080034700564914e-01 8.578263366158118686e-01
-1.754616010980354357e-01 -5.313975025820664166e-01 8.287520261149632361e-01
-2.263189728519121313e-01 -5.149101583901634083e-01 8.268296386280987731e-01
-3.936609100197265287e-01 -4.846522747336680093e-01 7.811166753551750386e-01
-4.628959978351062654e-01 -4.299434480766003985e-01 7.751618712528660637e-01
-5.437393354505906107e-01 -4.518265561590908419e-01 7.072483992439757561e-01
-6.103403567078143910e-01 -3.730015232569197092e-01 6.988236634672552183e-01
-7.042325067818452355e-01 -3.262170322500442254e-01 6.305862544186418006e-01
-7.680244365260645578e-01 -2.840521571841874149e-01 5.739798227270977993e-01
-8.358928722522819266e-01 -2.572692262590820511e-01 4.848666325268045640e-01
-8.665929728147089284e-01 -2.197408571322324866e-01 4.480296588117316792e-01
-9.200058159238188038e-01 -1.996481407841587674e-01 3.372386670412768073e-01
-9.503799852391908720e-01 -1.674833215356726634e-01 2.621587699546470973e-01
-9.716287781348673658e-01 -8.178281152418553912e-02 2.219213582315687217e-01
-9.866650362456699241e-01 -1.704303080231391390e-02 1.618692106343952719e-01
-9.921980120716182849e-01 -2.887204655213607488e-02 1.212827678156300215e-01
-9.944431332262950729e-01 7.450077076704031409e-02 7.438070942244208450e-02
-9.897375563723155301e-01 1.409727200369399469e-01 2.337224233025804454e-02
-9.799830751425206987e-01 1.989257834165731043e-01 7.855261059405859239e-03
-9.770691634364589984e-01 2.127548627331121711e-01 8.439090294164125136e-03
-9.316199284171430284e-01 3.584727251651070312e-01 -5.984658961660994925e-02
-9.381185588114204776e-01 3.441174651281369012e-01 -3.894534384709837094e-02
-9.184199609876751991e-01 3.919370511294473780e-01 -5.375986617682662616e-02
-8.850983374661924863e-01 4.623350433272536142e-01 -5.335954203484499087e-02
-8.335930749525228833e-01 5.481182176507231052e-01 -6.847630882715589895e-02
-7.735904023939769170e-01 6.294343954413755826e-01 -7.328186105220703406e-02
-7.502350700917913562e-01 6.556321774285698289e-01 -8.540367395280677731e-02
-7.281020044141861547e-01 6.807529731893903202e-01 -8.026743213688679324e-02
-6.593977677783730007e-01 7.492457438624176014e-01 -6.184981126043644778e-02
-6.205540186522223722e-01 7.763186524303758995e-01 -1.106438422293013896e-01
-6.044257231895666660e-01 7.917555766690441699e-01 -8.827599877791494909e-02
-5.260073571653968161e-01 8.428338712726054505e-01 -1.137863157128646135e-01
-4.237805743711506867e-01 8.963564776223618136e-01 -1.302117114935898712e-01
-3.410424211255883575e-01 9.242741004405189420e-01 -1.714860176447811912e-01
-2.382434163374601843e-01 9.632938714698648930e-01 -1.237133451186854527e-01
-1.997302656021134049e-01 9.583462573846824872e-01 -2.041574685366203679e-01
-1.173797682970012246e-01 9.515774601261440813e-01 -2.841167495492284423e-01
-8.046144935524035535e-02 9.559968834264838122e-01 -2.821274783612970349e-01
-1.301768170934600732e-01 9.476495659970908259e-01 -2.915721117612952162e-01
-1.519755478797535364e-01 9.119986849498740167e-01 -3.810010912009956785e-01
-1.311079507620492857e-01 9.054087471127185704e-01 -4.037891849700203650e-01
-1.827900159541993308e-01 8.712849643290232482e-01 -4.554671459080621987e-01
-2.415444679928730187e-01 7.999472361429340594e-01 -5.493092838914348519e-01
-3.043013106357461695e-01 7.544433335605917890e-01 -5.815633832965659833e-01
-3.069927019510078070e-01 7.292598072478453375e-01 -6.115027510008890221e-01
-3.225672323957286536e-01 6.166655242211012133e-01 -7.181044574584357632e-01
-4.056298156912621633e-01 5.048223029706641052e-01 -7.619835267547899749e-01
-3.903911820258082477e-01 4.750368648570072461e-01 -7.886283674984799763e-01
-3.431832569466974348e-01 3.802857862428455360e-01 -8.588410638372607764e-01
-4.205375622733514285e-01 2.060357312587559608e-01 -8.835708438839845469e-01
-3.858323493355020339e-01 8.402480292837408160e-02 -9.187345812034588555e-01
-4.299056048541619046e-01 8.807694203074952280e-03 -9.028308786466057168e-01
-4.418456357110201460e-01 -8.476487274299494834e-02 -8.930774605553476464e-01
-4.667715529964877597e-01 -2.918469521719900261e-01 -8.348351177455145544e-01
-5.044613078430721931e-01 -4.313071463969749830e-01 -7.479926031426751276e-01
-4.989532703831814353e-01 -5.225969611618103139e-01 -6.913306373641840974e-01
-5.005634647752045252e-01 -5.707113557620135946e-01 -6.509414460122561197e-01
-5.253852161708274515e-01 -7.047960321566459907e-01 -4.766895506358210244e-01
-6.275235205403680849e-01 -6.743524387987110957e-01 -3.891825014756610246e-01
-6.427215540134562088e-01 -7.250452424572614296e-01 -2.474235243395802586e-01
-6.731322593750418415e-01 -7.182714012306021800e-01 -1.760089644389709052e-01
-6.728369166180330208e-01 -7.338267238031852546e-01 -9.374872302181974648e-02
-7.445960472571476751e-01 -6.589809606730399061e-01 1.063993415368211931e-01
-7.914135099079727675e-01 -5.650470908219904498e-01 2.332090081638108769e-01
-7.892224267057761367e-01 -5.463688764505737483e-01 2.803729873414759766e-01
-7.795782249827698518e-01 -5.185792140643217252e-01 3.511885389262359713e-01
-7.869238844298920288e-01 -3.751866644281258711e-01 4.898834217944784131e-01
-7.654303331128801124e-01 -3.590801135089742302e-01 5.340204839077687948e-01
-7.195742458174276823e-01 -3.376037201283645928e-01 6.068250430822456076e-01
-7.084464803824872536e-01 -2.337166323092866871e-01 6.659430307583914521e-01
-6.382202457893892955e-01 -2.091796200922585169e-01 7.408905481935842419e-01
-5.735911467761151128e-01 -1.877130877763574235e-01 7.973437107154771608e-01
-5.336651294116386834e-01 -1.215835985511715539e-01 8.369103645035151917e-01
-5.408891702472187202e-01 -9.983689792135014285e-02 8.351475913410258967e-01
-4.582491575293416441e-01 1.012418295857424148e-02 8.887661168963800762e-01
-4.431689832511767069e-01 2.903358781677394321e-02 8.959678024698231047e-01
-3.773456008649182514e-01 1.222695868010535980e-01 9.179653836890546703e-01
-3.573154071573209078e-01 1.373399439078435702e-01 9.238308501102289183e-01
-3.213846771396552393e-01 2.740441947766353303e-01 9.064279721020668257e-01
-2.860671899010240327e-01 3.808510902234074624e-01 8.792712948446420596e-01
-2.170847143663174050e-01 3.763874799800197568e-01 9.006701347900819554e-01
-2.029820232617011166e-01 4.383600400109025075e-01 8.755791075363926756e-01
-1.561512472886953939e-01 5.624887334372709047e-01 8.119256201933274797e-01
-1.320727233494692898e-01 5.830752303740847076e-01 8.016109227494734313e-01
-4.472034781383801144e-02 6.021027265089761160e-01 7.971652257981820533e-01
-6.549016328518746100e-02 6.719376380122346060e-01 7.377064789843034154e-01
-6.418676224055104573e-02 7.084112195979287430e-01 7.028752403526888903e-01
5.445426500886124850e-03 7.622243372373513903e-01 6.472900486283595933e-01
4.182111621153649511e-02 8.181885593698438042e-01 5.734269574715865625e-01
5.731676513841385545e-02 8.079808081087894722e-01 5.864143604670125631e-01
7.947955662341180116e-02 8.419990072464630382e-01 5.335922337093339518e-01
1.117256111924901790e-01 8.620526514667093965e-01 4.943506993045326814e-01
1.560438042805721293e-01 8.528906234848397938e-01 4.982247640546261236e-01
1.667266276479602571e-01 8.777065884195209833e-01 4.492586963856172178e-01
1.734716302906741392e-01 9.067653729484922431e-01 3.842969579711467132e-01
2.628802585149381810e-01 9.020257205495956221e-01 3.424084828828020122e-01
2.690366563791422028e-01 9.096820163637377998e-01 3.163825321169543847e-01
2.623844791235248053e-01 9.333844274324206713e-01 2.448425938061611074e-01
3.074525230279182009e-01 9.201719010058641013e-01 2.423976457868795842e-01
2.936846191143601126e-01 9.452318484963736500e-01 1.424292704600479964e-01
3.416556257280981557e-01 9.317697625856714572e-01 1.227865747522222939e-01
2.959022649231413116e-01 9.459979945383778510e-01 1.323995617165038274e-01
2.902619941009091376e-01 9.500044959007641898e-01 1.150627331019857674e-01
2.307462677386923622e-01 9.723278879163161914e-01 3.653270185545481191e-02
1.699122586518166944e-01 9.842883321253583784e-01 4.802398985630444012e-02
1.737480979333660969e-01 9.847786178538340263e-01 -4.761542022262226469e-03
1.239089909630401998e-01 9.903254870206290583e-01 -6.246592443784955428e-02
5.367270698954823560e-02 9.964080302887439178e-01 -6.550021145400718170e-02
-4.764203523260584355e-02 9.829883628111353300e-01 -1.773812703099702792e-01
-9.984754490978980934e-02 9.677654728648895643e-01 -2.312151753369237339e-01
-1.488839222621097247e-01 9.411966004611405090e-01 -3.032862294471054820e-01
-1.858957385723384037e-01 9.076774531293072545e-01 -3.762504690513209793e-01
-2.675702972192662843e-01 8.503821007243188568e-01 -4.530523356232565857e-01
-3.363778287513440879e-01 8.158868289516305605e-01 -4.702963306977678282e-01
-3.369797503582673270e-01 8.021945343244102355e-01 -4.928778519557583393e-01
-4.108179100972698672e-01 7.461748788528141940e-01 -5.238813748476838228e-01
-5.243901078153481166e-01 5.913011107811603217e-01 -6.126810028182475554e-01
-5.733859807645178552e-01 5.326765897975350716e-01 -6.224822629958064457e-01
-6.018888755841454996e-01 4.488660542717373692e-01 -6.604915190754343524e-01
-6.351599860528813757e-01 3.766515104161343164e-01 -6.743184943471063342e-01
-6.979333385801123057e-01 2.107734425818015012e-01 -6.844440158264476493e-01
-7.031886679130843198e-01 1.651883338884921060e-01 -6.915479098846052386e-01
-7.367473009545666418e-01 5.970170455397103698e-02 -6.735273721308672190e-01
-7.269801890919536103e-01 -7.174502445779773474e-02 -6.829000337775488205e-01
-7.479131859282698302e-01 -2.750499968540755513e-01 -6.041302554459577756e-01
-7.595126515398101796e-01 -2.913051781972179066e-01 -5.816200007792491355e-01
-7.647949093489523342e-01 -4.029316247400897000e-01 -5.027274136331130183e-01
-7.487575742558811864e-01 -5.082164241304722996e-01 -4.255327969011135081e-01
-7.405435033055860483e-01 -6.064430253218529021e-01 -2.895205981452234067e-01
-7.674243621691591022e-01 -6.231098519772426680e-01 -1.509766893204312344e-01
-7.526307207160801704e-01 -6.483644424782190052e-01 -1.147630078217804217e-01
-7.498263346085187742e-01 -6.587251430005038877e-01 6.198107700354577032e-02
-7.445878468256161842e-01 -6.560352825339176297e-01 1.233152319473778263e-01
-7.150336441994685766e-01 -6.177725475215574136e-01 3.272368671032541698e-01
-7.153215617431688544e-01 -5.645628105158687626e-01 4.118056535402801477e-01
-6.513804070525657242e-01 -5.790492264647542076e-01 4.903116953924346322e-01
-6.103048395282423266e-01 -5.252397489006916942e-01 5.930018625798274545e-01
-5.197842918296419201e-01 -4.881556722120871661e-01 7.010908141277581995e-01
-4.647116570187781459e-01 -4.657409417339091751e-01 7.530793125718386882e-01
-4.333540702267226208e-01 -4.680862359671436046e-01 7.701295511250326742e-01
-3.408392274400562916e-01 -4.118859016080843594e-01 8.450908975338459195e-01
