4.401427715292922094e-01 -5.757285261961394562e-01 -6.890653124302037469e-01
4.381309822539563581e-01 -5.836425174932109439e-01 -6.836685265268322986e-01
4.402983942740310019e-01 -6.346098070276738889e-01 -6.351438552202234300e-01
5.577730351545938658e-01 -7.140385344237689669e-01 -4.231290732298930712e-01
6.012885812708099742e-01 -7.576820718011663125e-01 -2.537122781901358648e-01
6.204828337847827502e-01 -7.691730109254317771e-01 -1.528853565332903008e-01
5.841920118264003481e-01 -8.081675849023773894e-01 7.473184081287798097e-02
6.392324802090458835e-01 -7.223145773433549133e-01 2.639005259621181043e-01
6.466050453646846607e-01 -6.636216775902074039e-01 3.761757359815924850e-01
6.064699570565977860e-01 -6.866612574099354438e-01 4.008622066994778077e-01
6.457662452004672149e-01 -5.694736325780642705e-01 5.086115790640574064e-01
6.563452385051179450e-01 -4.334138462890330112e-01 6.175462458282829914e-01
6.725848500731570478e-01 -3.109933077590691375e-01 6.715003961139127675e-01
6.567245337337296318e-01 -2.601908557182920911e-01 7.078231455616567080e-01
6.850208842552203414e-01 -1.450660951893690820e-01 7.139343220217845287e-01
6.875931854933863274e-01 3.003906499328122884e-03 7.260899309374844179e-01
7.289844786709404056e-01 4.613464578150710399e-02 6.829738093920382225e-01
7.361365403633691740e-01 7.348956198072158219e-02 6.728315377728153468e-01
7.457447718768164258e-01 1.777235601030384415e-01 6.420896132181991289e-01
8.116139236297335025e-01 2.196382876271101570e-01 5.413334107355465274e-01
8.524265393198502405e-01 2.039485352836098719e-01 4.814291121430586684e-01
8.978889957474639472e-01 2.000074411603078028e-01 3.921637091778339412e-01
9.068272289302349298e-01 2.017311505202141475e-01 3.700931231197117088e-01
9.234327029440656531e-01 1.934494599366237411e-01 3.314352871732962336e-01
9.541098124121791813e-01 1.327607599448210052e-01 2.684195344561750018e-01
9.668359115724916020e-01 1.009360961329280604e-01 2.346065314334480900e-01
9.736638302647694365e-01 1.088216430292025111e-01 2.003411980661065628e-01
9.668446120381666287e-01 1.009677525895201627e-01 2.345570487318352493e-01
9.865800527842759626e-01 6.118851530693213137e-02 1.513795397096610040e-01
9.961040318298139962e-01 -2.138998853940952266e-03 8.815998217043757856e-02
9.993444377995385208e-01 9.550406071122551424e-03 3.492111657723523388e-02
9.998633070433794456e-01 6.621940917650620193e-03 -1.514982266430236514e-02
9.945912748012951665e-01 -2.683931597102937050e-02 -1.003386625750093963e-01
9.822736615936482618e-01 -8.630826611202466192e-02 -1.664011326287861692e-01
9.779007356191531386e-01 -7.885210639099334007e-02 -1.936297926281559112e-01
9.534258679076417220e-01 -1.927499078199173543e-01 -2.320055763122375603e-01
8.686977992760798184e-01 -3.502683168080922282e-01 -3.502516806145568040e-01
8.245001590656634294e-01 -3.647224971253821280e-01 -4.326395587452923075e-01
7.437005773352026727e-01 -4.438258235507842042e-01 -4.999280844489077391e-01
6.714284629609919008e-01 -4.550789489711093982e-01 -5.848820131694856261e-01
5.381595363715591107e-01 -3.122123947372315023e-01 -7.828842404754304818e-01
5.087947642473868992e-01 -2.531814169831749783e-01 -8.228165396787048280e-01
4.766758126517635641e-01 -1.563305623947502943e-01 -8.650670060140555062e-01
4.684664223118641946e-01 8.665739728909993556e-03 -8.834388015710386011e-01
3.455786932121420740e-01 3.458497667686337151e-01 -8.723321074131513697e-01
3.338423217972109058e-01 4.543211625280064170e-01 -8.259186312562808441e-01
2.892143948381718510e-01 6.247217157853126590e-01 -7.253122166657921532e-01
2.360516535069359656e-01 7.521787593725415277e-01 -6.152290068140688906e-01
1.504158491432471545e-01 8.839353168321736343e-01 -4.427566238728911086e-01
1.506366433924475612e-01 9.856592855631397532e-01 -7.605507511413910071e-02
1.499282683519756465e-01 9.853597892284141624e-01 8.116403218614219595e-02
2.221261729844583033e-01 9.444483330945926403e-01 2.422339971806686532e-01
2.202248968004510976e-01 9.041193690292705920e-01 3.661545594081059840e-01
2.466399044677794750e-01 8.066929426708084883e-01 5.370430650974241660e-01
2.726317389500738098e-01 7.273717518233372425e-01 6.297636616751624006e-01
2.865045466029451648e-01 6.350340075681849550e-01 7.173889837513056644e-01
3.190204688269892563e-01 5.307486260884288765e-01 7.851954128588964910e-01
3.400262286214587593e-01 4.099937428569771503e-01 8.463375772512965467e-01
3.640522580531280750e-01 3.441828984521936308e-01 8.654502214567083573e-01
4.108349547076670660e-01 2.428234863778601649e-01 8.787783534280132480e-01
4.536653333865087734e-01 1.478317637692296294e-01 8.788250877758249091e-01
4.644912317712023841e-01 -2.902203638333490307e-02 8.851020376272080714e-01
4.898743595053023925e-01 -1.051932232737903539e-01 8.654233054849750362e-01
5.187178275513144587e-01 -1.894011496552365781e-01 8.337019970527355106e-01
5.425266684193537081e-01 -2.860518291504689503e-01 7.898348973636625248e-01
6.381858552257541062e-01 -4.330135162265916215e-01 6.365674425815823767e-01
6.311785773976467118e-01 -4.679488029719642839e-01 6.185770131773316027e-01
6.361831012964701548e-01 -5.495966636822827711e-01 5.414929075196727171e-01
6.530250621414713796e-01 -5.874262792289771662e-01 4.780048479736655476e-01
6.968955686683583339e-01 -6.637247729168163080e-01 2.716725826927079979e-01
6.996922949480949283e-01 -6.905054329590583073e-01 1.833928554886791740e-01
6.753528265171160339e-01 -7.374947389498393013e-01 -2.640769784999953554e-04
6.499705068380465800e-01 -7.588532194698978106e-01 -4.098940766666248070e-02
6.457787817752852488e-01 -7.386788482626805985e-01 -1.931924536262954184e-01
5.943130172346794415e-01 -6.853650661774524089e-01 -4.207930175382999516e-01
5.785072274006970439e-01 -6.425466236890768901e-01 -5.024571864655993370e-01
5.093785137248755257e-01 -6.157700519053234123e-01 -6.011329078764129363e-01
5.113651143613213712e-01 -5.576709427334365365e-01 -6.538416011887226986e-01
4.885733547779491093e-01 -3.827903223264468302e-01 -7.840711996587014232e-01
4.387334009544231472e-01 -3.229566423787426643e-01 -8.385773727154902657e-01
4.037939715176674382e-01 -3.031889155349646869e-01 -8.631494135216226660e-01
4.315052007436809833e-01 -1.621970198387724660e-01 -8.874093691676783191e-01
2.987056805513138014e-01 -3.518981372391612183e-02 -9.536962794393467613e-01
2.365998797359141481e-01 2.586389831834997460e-02 -9.712628664129649980e-01
2.009610335529324887e-01 7.814103033304131696e-02 -9.764776712100630141e-01
1.646285634678917864e-01 1.143213566419476052e-01 -9.797081522096479089e-01
7.262408436882007712e-02 2.217318046096199424e-01 -9.723994802518930447e-01
7.309848278707521685e-02 2.149320141453749666e-01 -9.738895425609827017e-01
3.982934638784834530e-02 2.595880158033527230e-01 -9.648977589452651937e-01
7.208221772758892365e-02 3.072531569651187344e-01 -9.488939094664063933e-01
6.997348598781968909e-02 3.764786587658500716e-01 -9.237789404140901439e-01
8.954377529002106872e-02 3.988364690085019482e-01 -9.126397883588247550e-01
8.691607953211151483e-02 4.811981982461633889e-01 -8.722923186199759149e-01
6.837512253458599698e-02 4.723609428076740446e-01 -8.787491008975346629e-01
8.613951225228984321e-02 4.962555161901709422e-01 -8.638926131642545858e-01
8.490120907037054798e-02 5.687869125941911186e-01 -8.180912129829761570e-01
9.957314613543412352e-02 5.763634570842670612e-01 -8.111044038263901523e-01
8.416664970137971435e-02 6.388649135224331310e-01 -7.647009855806511380e-01
6.687816525267761825e-02 6.445547177080170886e-01 -7.616275512957590976e-01
1.314737674090434016e-01 6.936216383554987264e-01 -7.082398402294992623e-01
1.163218651967733858e-01 7.218474507402699025e-01 -6.822063335508673498e-01
1.664904115404572948e-01 7.418426325775548946e-01 -6.495771327221210312e-01
1.879939674216001000e-01 7.766243058264813426e-01 -6.012594746136001866e-01
2.664537391158642299e-01 8.805278061563898140e-01 -3.920117185704912743e-01
3.012906103352215870e-01 9.144269927928935227e-01 -2.702725346304635234e-01
3.911058554292335399e-01 9.106135404961317459e-01 -1.334885377628631520e-01
3.902614733778773104e-01 9.189398624893163614e-01 -5.696939112404923733e-02
4.436183504347601669e-01 8.719343347564069147e-01 2.072034628823667957e-01
4.628911192943802599e-01 8.412260414224516092e-01 2.794110930351683675e-01
4.823622554294000331e-01 8.328380855620135526e-01 2.714910270606790688e-01
4.997554532994960552e-01 7.866869439332667691e-01 3.624474294878531344e-01
5.062693015346695358e-01 6.546270752348778421e-01 5.613864860263627632e-01
5.293457146765218058e-01 5.794282113433040227e-01 6.197225687782410564e-01
5.449505541959498434e-01 5.299171404880665959e-01 6.497820539984755506e-01
5.575555844995568888e-01 4.336197549515933836e-01 7.078881820662622504e-01
5.525304179406610450e-01 3.383524662724108900e-01 7.617268183658073566e-01
5.400683065236805414e-01 2.466718859304850020e-01 8.046609254711836190e-01
5.643363344840880425e-01 1.464444534433423650e-01 8.124521669838440374e-01
5.367954949373373585e-01 1.374140095225782343e-01 8.324469872621965694e-01
5.426804086400072169e-01 6.433581019970378845e-02 8.374717174951417098e-01
5.040623107908137612e-01 1.527668482759146351e-01 8.500491026452935417e-01
4.398197287196889405e-01 1.859016253439011446e-01 8.786348456118929784e-01
5.122692146836677063e-01 2.269374670456322796e-01 8.282992440768559561e-01
5.279767893403475298e-01 2.947579082303337650e-01 7.964661232303206218e-01
6.488371176543807906e-01 3.178149416061072374e-01 6.913783751650480758e-01
6.268943433353962869e-01 4.230622465428736101e-01 6.542337639133117833e-01
7.141426302302987805e-01 4.097380516520230387e-01 5.675517885762978443e-01
7.548536038545979876e-01 3.973728173182047296e-01 5.218149871403833240e-01
8.431314616955051244e-01 4.062178925901192006e-01 3.523015214824417041e-01
8.716301994862255542e-01 3.928561918624988714e-01 2.931293364010130742e-01
9.081593190788008751e-01 3.543727967190724581e-01 2.228599832088110910e-01
9.441985064695159746e-01 3.101822219123482327e-01 1.107978771920031524e-01
9.810396211573786385e-01 1.624541637342494238e-01 -1.056877779347864393e-01
9.560501189392889287e-01 1.772129458476685571e-01 -2.335888308549079195e-01
9.170456108257367678e-01 1.924624786960688061e-01 -3.492642866933527435e-01
8.943663098023391100e-01 1.445891211776922924e-01 -4.233236231627156010e-01
7.307613243631989608e-01 1.871631123109250006e-01 -6.564738046601948929e-01
6.652328431842948753e-01 1.931506545798453989e-01 -7.212198617511282883e-01
5.987368489824189677e-01 1.758953290623858634e-01 -7.813929989989922831e-01
5.286362768855626948e-01 1.737768114016769727e-01 -8.308702104297859270e-01
3.144241740170782284e-01 2.397822051787775466e-01 -9.184998273670390567e-01
2.705687609457946285e-01 2.374324759706216148e-01 -9.329621455100510774e-01
1.753811340900407190e-01 2.902370523589314355e-01 -9.407464649113969068e-01
1.245242885541738287e-01 3.421253404477410109e-01 -9.313667124090243554e-01
3.626073763621993212e-02 4.157877364685630961e-01 -9.087385306612821845e-01
-5.325269220508935947e-02 4.776600372544365092e-01 -8.769293241664349869e-01
-1.212893228742465829e-01 5.453827752904367721e-01 -8.293651358558591369e-01
-1.458500517876128721e-01 6.047245384368206134e-01 -7.829661518903131556e-01
-1.251276455838171708e-01 7.130670729354069426e-01 -6.898394174052261407e-01
-9.047930598827369497e-02 8.274185289430856516e-01 -5.542491074864628331e-01
-7.569202604217288577e-02 8.704500817707605531e-01 -4.864024797828516711e-01
-4.311800021663004384e-02 9.243936334759801365e-01 -3.789950506885203518e-01
-8.065785596282364425e-03 9.610687672316616803e-01 -2.761915417867257805e-01
1.138053512270139137e-02 9.983414155091999698e-01 -5.643493155314380227e-02
8.167513101650013263e-02 9.906566984347464633e-01 1.092175755993760877e-01
1.145422381003353418e-01 9.534180222629967671e-01 2.790594032013291037e-01
1.446388066362634395e-01 9.411470272779335344e-01 3.054863150138580896e-01
1.532872868723614002e-01 8.008702407338240681e-01 5.788867464282260178e-01
1.566094162839330728e-01 7.076660921683587402e-01 6.889718373971246423e-01
1.450254377427285801e-01 5.999358733008112177e-01 7.867938550435704670e-01
2.235379756313767841e-01 4.522730909297658641e-01 8.634117353102527259e-01
3.860689245566987227e-01 1.467581622526349383e-01 9.107210480184716461e-01
4.729763837661884462e-01 1.456277530384398645e-02 8.809547468371511370e-01
5.311050461007295054e-01 -1.132380435999720270e-01 8.397050526750406974e-01
5.598456423059399167e-01 -2.432638197476410802e-01 7.920830580140169053e-01
5.975093370632893475e-01 -3.443927008847917359e-01 7.241382876905948507e-01
6.654295277207230574e-01 -4.862785499389016830e-01 5.663362212561497966e-01
6.963555635514712128e-01 -5.525290043671418072e-01 4.580399856387736279e-01
7.495453808714722665e-01 -5.770462172525705480e-01 3.243445470001594666e-01
8.068219785480931217e-01 -5.770585275060274855e-01 1.266560332724640248e-01
8.446373920127063784e-01 -5.064696277228490917e-01 -1.734248892409977483e-01
8.463197405582294497e-01 -4.403518996809440700e-01 -2.997217062356931638e-01
8.461656779482525925e-01 -3.525041402774253818e-01 -3.996804680612340288e-01
8.286213168864231537e-01 -2.559172290142919248e-01 -4.978886271999556912e-01
7.261097636286215629e-01 -8.155478129478668792e-02 -6.827250023334041629e-01
6.394544603996116239e-01 -3.467065215573631592e-02 -7.680468338286001728e-01
5.630761117896987411e-01 3.620376677105481295e-03 -8.263971110819002819e-01
4.478298676754727259e-01 2.828439033672082437e-02 -8.936713058395959752e-01
2.513655293739123775e-01 9.901092342070384744e-02 -9.628147317557788076e-01
1.282216827275980964e-01 1.481713057410249668e-01 -9.806143300163948640e-01
5.651658637093123078e-02 1.314991545881259993e-01 -9.897039192645369354e-01
1.828763473989524629e-02 1.215836309294521800e-01 -9.924127080532730849e-01
-1.378648316939030671e-01 -1.825329314043140638e-02 -9.902828411476901627e-01
-1.862376284094025558e-01 -1.292012903288990433e-01 -9.739725726845642750e-01
-2.563544428256188668e-01 -2.332114497563559652e-01 -9.380270888125273876e-01
-2.602231100432900734e-01 -2.846664173342726145e-01 -9.226315428389967321e-01
-3.007185621110126106e-01 -5.320810907671442713e-01 -7.914910354829869377e-01
-3.399690933434355578e-01 -6.218728376811012426e-01 -7.054751514587151995e-01
-3.560872030018999435e-01 -6.708084391276315506e-01 -6.505520285522399249e-01
-3.281993923890090259e-01 -7.194294576095209282e-01 -6.121326770881914126e-01
-3.158893313999657226e-01 -8.243006675807512673e-01 -4.698322463748210165e-01
-2.948759598898896273e-01 -8.653014267509111512e-01 -4.053413489170005768e-01
-3.555961690480139437e-01 -8.702124251317958636e-01 -3.410010259583021730e-01
-4.601985431834988982e-01 -8.537057667195879773e-01 -2.437288754364276833e-01
-5.344315338452728659e-01 -8.141598106604589491e-01 -2.269950183090246321e-01
-7.248091988823640586e-01 -6.161325358071492175e-01 -3.082731313873419143e-01
-8.188119176508446007e-01 -4.860067429284001816e-01 -3.055233040883698070e-01
-7.872252122064283819e-01 -4.813587421329088012e-01 -3.854480855300327358e-01
-8.150517652009544589e-01 -4.347304686380968342e-01 -3.830144118443963297e-01
-8.446215741914727682e-01 -2.724276583382959083e-01 -4.608661056995090877e-01
-7.946555808166361201e-01 -2.736269280963022910e-01 -5.418955730558754347e-01
-7.518178704739165719e-01 -2.861603134641946822e-01 -5.940388578486589521e-01
-6.958529682867380384e-01 -2.901397505131429466e-01 -6.569684708558752861e-01
-5.727712701285169183e-01 -3.797228805145564379e-01 -7.264596383345006680e-01
-4.131671367891446289e-01 -4.388625828306648713e-01 -7.979301664109824666e-01
-3.132517962684720492e-01 -4.823848787191180598e-01 -8.180330928010903779e-01
-2.224172308153795352e-01 -4.931882041627870250e-01 -8.410089004945805469e-01
-4.938269811086824779e-02 -4.818066975939598318e-01 -8.748849383095431698e-01
8.688589630789650409e-02 -4.573666518540295822e-01 -8.850234950523112598e-01
1.240155119865788413e-01 -4.444361651590008622e-01 -8.871846751863267100e-01
2.861422807466888485e-01 -4.208402591644639368e-01 -8.608229036424795977e-01
4.591216529143058445e-01 -3.286705427224778098e-01 -8.253381017327067193e-01
4.992107367873786505e-01 -3.000080773590272365e-01 -8.128860890650929649e-01
5.804719879654909320e-01 -2.619369017411365408e-01 -7.710002144575869298e-01
6.654102633231417929e-01 -9.372646116150831763e-02 -7.405704098479544140e-01
7.118868299127382171e-01 -1.711484753552048113e-02 -7.020856239737629512e-01
8.379676887723448431e-01 1.642782677890961829e-01 -5.204063828449344564e-01
8.882919339530358505e-01 2.915771161794607491e-01 -3.548523994486224020e-01
9.050409011996625175e-01 3.566775591997397021e-01 -2.316939488183036300e-01
8.706071126434327123e-01 4.766925842485547626e-01 -1.216858066378315867e-01
8.438990364511849140e-01 5.359646070894895642e-01 2.400742018982467141e-02
7.980221494822112849e-01 5.931323751539768763e-01 1.065581272357650766e-01
6.682641468277408237e-01 6.897102403844668217e-01 2.787881173461176920e-01
5.976646478648754979e-01 6.977978661359808266e-01 3.948102160641568381e-01
4.171562327271683968e-01 7.308022688928391686e-01 5.402857774159478543e-01
3.884392029895506471e-01 6.989454043958758245e-01 6.004917212208076283e-01
3.429093021205646963e-01 6.129373543793050771e-01 7.118433887630660761e-01
2.606480006571373353e-01 6.038141289563452307e-01 7.533067883844716262e-01
3.174848243833716666e-01 4.179003338609212359e-01 8.512124865421031306e-01
3.172076736813280728e-01 3.091890460116009098e-01 8.965385800868338473e-01
3.134996354268242413e-01 2.760000932370978988e-01 9.085933783163741007e-01
3.287054911045910743e-01 2.240524418596227529e-01 9.174710913235523124e-01
2.987637234154892352e-01 5.067166006235041681e-02 9.529809129449753335e-01
3.530770905901376433e-01 -3.534255088503517050e-03 9.355875571753683451e-01
3.440293718021880665e-01 -4.712899798279226310e-02 9.377753722968682482e-01
3.055931128524873031e-01 -1.287101364926405422e-01 9.434227844085455450e-01
3.554527399334462268e-01 -1.264347128832735978e-01 9.261034569916744008e-01
3.501372637708298763e-01 -3.187379506331945445e-01 8.808007807360456187e-01
3.747228815080946296e-01 -4.956527972817538763e-01 7.835247709045599640e-01
3.946668611600505083e-01 -5.729891955898511746e-01 7.182767227464414983e-01
4.344484792963608788e-01 -6.656000768438239401e-01 6.068204483556691731e-01
3.855400227179177630e-01 -8.950851249130473697e-01 2.240122988633923562e-01
3.141035575424549475e-01 -9.442325121547979760e-01 9.881254034287813293e-02
2.047622359450196050e-01 -9.786371911196622975e-01 -1.848444990291987777e-02
1.052543002103243086e-01 -9.944102281514072272e-01 -8.356460680283660583e-03
-9.571774039545503932e-02 -9.946565218331947511e-01 3.868485166418195176e-02
-1.996097934396658946e-01 -9.771263582309059892e-01 -7.334855426919620336e-02
-3.285386806202559296e-01 -9.420271078079339722e-01 -6.817084047685306736e-02
-4.591495979136662187e-01 -8.843197420309532042e-01 -8.461820483812568239e-02
-7.538238724491836962e-01 -6.259499598595192893e-01 1.998404790766450390e-01
-8.204567004957347143e-01 -5.105008506226095255e-01 2.573707134179105682e-01
-8.714486210740821637e-01 -4.214090147709506629e-01 2.509815592784801486e-01
-8.807785309444959854e-01 -3.709340148477099364e-01 2.943418693563904509e-01
-9.267559720692838399e-01 -8.563702378170459650e-03 3.755662807488112653e-01
-9.115017430473754123e-01 1.499746090143023458e-01 3.829780529907736430e-01
-8.636979578931647250e-01 2.888544480880458343e-01 4.130241462080971315e-01
-7.843480596532518279e-01 4.569468290790090759e-01 4.195208179730985920e-01
-7.213873188661639180e-01 5.734396393156829808e-01 3.882876720172649954e-01
-5.220727824135907857e-01 7.608180350395959968e-01 3.854814229264743042e-01
-3.496115680131816061e-01 8.701211281558822730e-01 3.473628849605250868e-01
-2.328113684813530038e-01 8.886439188091622698e-01 3.951086588134134492e-01
-9.460335437379704948e-02 9.215553922870791670e-01 3.765446378423592533e-01
1.924788870199236612e-01 9.110129505519140025e-01 3.647016341864503519e-01
3.512146750182690291e-01 8.974330200269692304e-01 2.669498578705094549e-01
4.821084440250991698e-01 8.329245409579285608e-01 2.716765673916720636e-01
5.496997769289488911e-01 8.208095834529347545e-01 1.552474893712731396e-01
6.188831714444719134e-01 7.841793790601894187e-01 4.523628587326930517e-02
7.006255458347160348e-01 7.127008287055623947e-01 -3.437111121582876738e-02
7.721266916148834536e-01 6.019846293928663439e-01 -2.035555896323850700e-01
7.729134073769104996e-01 6.116748571801357004e-01 -1.686971659236598253e-01
7.895090070869588139e-01 5.442688436564406818e-01 -2.836317216981298350e-01
7.657363295989867424e-01 5.625963092554033818e-01 -3.116621028365021973e-01
7.487556702196380698e-01 5.505211217142563784e-01 -3.691767068226507464e-01
7.258164867530123576e-01 6.181215451239669978e-01 -3.018545726191238510e-01
8.381000089597703262e-01 4.717262926895112174e-01 -2.739756919272996472e-01
8.823687984952518493e-01 4.030364286471443402e-01 -2.428722722449002114e-01
8.967107551345269156e-01 3.797264349295316754e-01 -2.274151627349741134e-01
9.181758450647055092e-01 3.241228685169169066e-01 -2.278101921426677612e-01
9.631614850916160320e-01 1.606739017349832765e-01 -2.156475154908351899e-01
9.772630377412555580e-01 3.862648195281487978e-02 -2.084824931659301217e-01
9.769369407850009290e-01 1.985652008784250661e-02 -2.126027571308631292e-01
9.560463249777061412e-01 -1.179875018397737035e-01 -2.684294579703052075e-01
9.354649322579244863e-01 -1.852585930191013031e-01 -3.009727798792767306e-01
8.440326481667795866e-01 -3.567813446826625379e-01 -4.003947563530326215e-01
7.749070171932470608e-01 -3.886952202358070485e-01 -4.984326839910305784e-01
7.349892078825185360e-01 -4.573683782304964751e-01 -5.006046652709434941e-01
6.301393407745459196e-01 -5.112990453653806222e-01 -5.843780432362863930e-01
5.187649118378915292e-01 -5.365026332070423898e-01 -6.656184273348615399e-01
3.969788790984484228e-01 -5.551294462288787201e-01 -7.309165940648482129e-01
3.095813120187019263e-01 -5.993942267949696756e-01 -7.381639195555682598e-01
1.885623177282240992e-01 -6.466704124819404598e-01 -7.390951426936841484e-01
3.950969916784532326e-02 -6.166974989379427896e-01 -7.862081012526851431e-01
-4.680593938317938879e-02 -5.810773593865095066e-01 -8.125012655047740839e-01
-1.141486757518373613e-01 -5.761212776112635270e-01 -8.093542817009540258e-01
-1.774522301591222317e-01 -5.868197573112492460e-01 -7.900337198124649518e-01
-1.917170072226829503e-01 -6.050777669469924458e-01 -7.727389501558845630e-01
-1.889319542085498016e-01 -6.304249039788274445e-01 -7.529071371173370331e-01
-1.575879956210489152e-01 -6.637179644732194017e-01 -7.311938780321307618e-01
-1.305288950930994785e-01 -7.605408442971881566e-01 -6.360344579513713681e-01
-3.989535925668972333e-02 -9.005068347061866429e-01 -4.330078532281190773e-01
-2.127353130757405134e-03 -9.726664124503909825e-01 -2.321971672082644988e-01
6.868841197734366910e-02 -9.815229104191331988e-01 -1.785908127043071558e-01
5.218651863569875177e-02 -9.953855880030162417e-01 8.052389998364048451e-02
8.843519831011113774e-02 -9.459940637642496597e-01 3.118885169778649047e-01
1.386690314431601179e-01 -7.363254694070338058e-01 6.622655832980656188e-01
1.896811693671375809e-01 -6.430052224466895616e-01 7.420009015451387580e-01
1.866131449734406145e-01 -4.792710400774543023e-01 8.575982767392882344e-01
2.343232468770581889e-01 -3.827615528349960217e-01 8.936365086791920875e-01
3.031003470815217815e-01 -1.429579767297991522e-01 9.421747165406124669e-01
3.741699555064927352e-01 9.919687175862362816e-03 9.273070927166482402e-01
4.377591132245440830e-01 1.350034728463390399e-01 8.888987687629500423e-01
4.490269414057800335e-01 2.508260443124131212e-01 8.575902876002955422e-01
5.013484679743660521e-01 4.638643588518708838e-01 7.303968580482110839e-01
6.202985224320655133e-01 4.681891589036432655e-01 6.293080760277076635e-01
7.123459561969028853e-01 4.642496261561471771e-01 5.263416412405514944e-01
7.290352565160392873e-01 4.981721772799482806e-01 4.693954372815620224e-01
8.737577851153528474e-01 4.459614384447658786e-01 1.940766043875150060e-01
9.028810496216209680e-01 4.166382751840266851e-01 1.059167497888741510e-01
9.193688852304491288e-01 3.854104749006233011e-01 7.886455925824453761e-02
9.633454494973726634e-01 2.657267758339982855e-01 3.680795481377639733e-02
9.850574869955345259e-01 1.718631270513772680e-01 -1.117196823144298717e-02
9.989428525417499705e-01 4.282560205090199523e-02 -1.670763791591877920e-02
9.985076250813395005e-01 2.374247867889192620e-02 -4.918147375389975151e-02
9.984437280618295718e-01 -2.740009912693622610e-02 -4.857320724256831979e-02
9.895411561161804315e-01 -1.046957396415442859e-01 -9.923256750262401948e-02
9.873032403590045192e-01 -1.349883216861476332e-01 -8.372851715495048530e-02
-1.999777031541881064e-02 -9.829009277917125642e-01 -1.830460470171435816e-01
-1.060532289500675796e-01 -9.934117179608441539e-01 -4.342661911027174970e-02
-1.245680997786103444e-01 -9.877189302169717688e-01 9.430855427047338257e-02
-1.704446149182787251e-01 -9.774635534478139931e-01 1.245537431253352784e-01
-2.578235515693657054e-01 -9.487582401486177597e-01 1.827151280169668213e-01
-3.068541762302191556e-01 -9.284814945939958708e-01 2.091951928859103471e-01
-3.092637548333577735e-01 -9.302996478085433507e-01 1.972270144622004784e-01
-3.938136217312639964e-01 -8.949666781970597729e-01 2.096317634706759969e-01
-5.360576104391938657e-01 -7.797630415871901199e-01 3.234375322452784918e-01
-6.130177710890495346e-01 -6.720043578639997017e-01 4.154748552449438193e-01
-6.462824162949579732e-01 -5.817269929103064952e-01 4.938752313160510998e-01
-6.774532642960378048e-01 -4.605719017642045388e-01 5.735247143758903654e-01
-6.907008482442162922e-01 -2.772128150779246125e-01 6.678962444806023635e-01
-6.675894999680540565e-01 -1.584949904041921265e-01 7.274638118485198257e-01
-6.364940471627640317e-01 -5.261489443697139196e-02 7.694848931653899271e-01
-5.394121816632561073e-01 6.226561483687144405e-02 8.397365607631198658e-01
-4.696059675455737104e-01 1.154220737872548030e-01 8.752987947713826156e-01
-4.041908662734841062e-01 2.221858160312144559e-01 8.872785395667099895e-01
-3.955339866790889558e-01 2.262514796857731381e-01 8.901478154339002025e-01
-2.798341996754428740e-01 2.575848981533491178e-01 9.248474690106109897e-01
-1.115535519733859005e-01 3.896666019590770413e-01 9.141748981238696503e-01
-5.737542972191291002e-02 3.476669655757250732e-01 9.358609624894038692e-01
8.932888057484666966e-02 3.925086360703232691e-01 9.154000883250226206e-01
1.294751874264034042e-01 3.728102397742623642e-01 9.188300718633205522e-01
2.114164225660964402e-01 3.313563298356167475e-01 9.195140449972603047e-01
3.782463746837811946e-01 3.948847556869072850e-01 8.372548654768560139e-01
4.420778589451831997e-01 3.739223309772335413e-01 8.153215666391969707e-01
5.035211302693948232e-01 3.543245008145348707e-01 7.879851645143846062e-01
5.436028028070201135e-01 3.886635744966479011e-01 7.439332084534474587e-01
6.955100151521393936e-01 2.743143956542621886e-01 6.640914328312840231e-01
7.179035649155262044e-01 2.908721447027900475e-01 6.324617513475244701e-01
7.895066639785436324e-01 2.362782787018182507e-01 5.664378187825888089e-01
8.381517213539025901e-01 2.066506404248769913e-01 5.047744098144023583e-01
9.171967058064003364e-01 1.413275351715678196e-01 3.725274898047346017e-01
9.382952011104482848e-01 1.333180963891059667e-01 3.191056263187606046e-01
9.610925703231056882e-01 7.345332852935976264e-02 2.662812043642659443e-01
9.729543346640278090e-01 1.400608336517562558e-01 1.836922032511288660e-01
9.942485620402822244e-01 -3.392012767028404485e-02 1.015835706187908222e-01
9.910350875126910930e-01 -1.012975838170474541e-01 8.711058966360550604e-02
9.912730152921548354e-01 -1.204777807479565088e-01 5.350620057195731860e-02
9.797773091819080848e-01 -1.934434431070510274e-01 5.114742154936700175e-02
9.586851393006028399e-01 -2.829475865431875792e-01 -2.938480821052393346e-02
9.548997853294143301e-01 -2.953762407255218214e-01 -3.031957111664140142e-02
9.303780862412034391e-01 -3.515956190816830196e-01 -1.038129918879318880e-01
9.154688057430701020e-01 -4.001665923745117426e-01 -4.223226324421267691e-02
8.662558274975611372e-01 -4.862033343015523257e-01 -1.149224044325931893e-01
8.405298753727005190e-01 -5.303281282826257659e-01 -1.107321315526770822e-01
8.030408944833532514e-01 -5.865682305647855754e-01 -1.051809520753276966e-01
7.249443082516814352e-01 -6.709353733308147660e-01 -1.558893028624197818e-01
7.249696948769204230e-01 -6.720104123410104435e-01 -1.510660359423324217e-01
6.767789141130637898e-01 -7.142136869389550391e-01 -1.785192168955668235e-01
6.215794611371685541e-01 -7.574259633332541819e-01 -1.998621614041016237e-01
5.780721631189000842e-01 -7.965595713745089457e-01 -1.769898965441087657e-01
5.508634294298663248e-01 -8.093416191831802609e-01 -2.037538357300660852e-01
4.489223519905954918e-01 -8.662717484045739935e-01 -2.191848074098989296e-01
3.332036901309134436e-01 -8.974123757143415148e-01 -2.891821723375831432e-01
2.581221619943542822e-01 -9.228850816577179872e-01 -2.857552721140721452e-01
2.019858241386053577e-01 -9.224194567155736824e-01 -3.291566081967584045e-01
1.542912821279775193e-01 -9.183118741699696219e-01 -3.645510965800850545e-01
1.353617647099020493e-01 -8.991229742536129832e-01 -4.162391978465723730e-01
1.195687936194214512e-01 -8.961860214841136374e-01 -4.272632894233623913e-01
1.686434496339840050e-01 -8.752310559533834633e-01 -4.533541502956329183e-01
1.775617524219526844e-01 -8.469659102001833029e-01 -5.011193181624714610e-01
2.504504354235856933e-01 -7.814901247898770054e-01 -5.714435792377395851e-01
2.984294089906927572e-01 -7.382258993067960517e-01 -6.049482700546702230e-01
3.391367356560527346e-01 -6.949552820660183095e-01 -6.340531763638578289e-01
3.490507820379309956e-01 -6.568537664353127914e-01 -6.683611905836935874e-01
3.669596632593352670e-01 -5.513224612583440543e-01 -7.492557302100779637e-01
3.889763302412305168e-01 -4.792094953495493193e-01 -7.868009113358319651e-01
4.133595336396821973e-01 -3.764347771043979329e-01 -8.291144399511726215e-01
4.062916311866415775e-01 -3.109639190656858232e-01 -8.592022762231300570e-01
4.070431393751771654e-01 -1.029050058080950153e-01 -9.075937651103802573e-01
4.358619836950129445e-01 -2.979639637883290185e-02 -8.995201531551606511e-01
4.234493140227090779e-01 1.029720857806057793e-01 -9.000485698025906256e-01
4.501720789888394303e-01 2.016652473828936254e-01 -8.698713854914773558e-01
4.548407283645099497e-01 3.858189906762452548e-01 -8.026603380349657257e-01
4.785718006439086958e-01 4.380009189741073672e-01 -7.610021199748949750e-01
4.832855291371346840e-01 5.988964591022790662e-01 -6.385594166570500718e-01
5.083673809084868767e-01 6.565548965556236016e-01 -5.572237197365881300e-01
5.477899874482637932e-01 7.158965615364466517e-01 -4.329182865526976509e-01
5.932121490355819482e-01 7.408742599062031475e-01 -3.149677400068495170e-01
5.994696101326565385e-01 7.876458161053691009e-01 -1.423033903289300794e-01
6.424140432140890145e-01 7.623789371967863993e-01 -7.799072508974881635e-02
6.822105224952216274e-01 7.189401232076734205e-01 1.330935845145516383e-01
7.191709706136528713e-01 6.534705450965310192e-01 2.361553762205280127e-01
7.579748519314692956e-01 5.811812246414284067e-01 2.961460922648761485e-01
7.672239379603675857e-01 4.995784296466589947e-01 4.022298119885746037e-01
7.234381926263578899e-01 4.415613604715168394e-01 5.307172000115051302e-01
7.316783982444996504e-01 3.833076586054540158e-01 5.636683070714264554e-01
7.356411056663494374e-01 2.864711217073265259e-01 6.138130497812318564e-01
6.703980160599836147e-01 3.242978266509975449e-01 6.673810153819761393e-01
6.801810526439909799e-01 1.985530357486361419e-01 7.056418550646730292e-01
5.933814617840159622e-01 1.623401626377274920e-01 7.883806900259673345e-01
5.530335045868094435e-01 8.706927229724838180e-02 8.285969373742936295e-01
5.086095403949673077e-01 -4.130214282162422701e-02 8.600060862677438855e-01
4.896038878340135403e-01 1.438662042114160003e-02 8.718262775178760027e-01
4.447626821799919306e-01 -7.820292758943238332e-02 8.922278064802180442e-01
4.156402463469291431e-01 -9.825409308945408371e-02 9.042064580657632744e-01
3.793853178455083852e-01 -1.876166034184442166e-01 9.060169925144830883e-01
3.445395309266258144e-01 -2.406321365552922531e-01 9.074076738080274485e-01
3.026637448033844824e-01 -3.612293462791583698e-01 8.819909392779063939e-01
2.733906108253835732e-01 -4.081986498834827559e-01 8.709945098253062401e-01
2.380702853804083363e-01 -4.603725635523864823e-01 8.552073678044961325e-01
2.059031057563635025e-01 -4.993771174478545682e-01 8.415618845987234975e-01
1.008483749171412008e-01 -6.117253564563177592e-01 7.846156342725796318e-01
8.660109398288483307e-02 -6.434887808275354670e-01 7.605408861264854048e-01
8.799561117269737165e-02 -6.815442994271503352e-01 7.264668886691935112e-01
5.310285360438964791e-02 -7.417007778145380259e-01 6.686254879440208798e-01
-1.339664578125406231e-03 -7.905728461064444046e-01 6.123665408054023152e-01
-1.713544826137215413e-02 -8.130086652199763897e-01 5.819993871904971527e-01
-6.873944042516141884e-02 -8.421549697685812852e-01 5.348363265748836692e-01
-3.288932443796335064e-02 -8.714966467073119727e-01 4.892973401888927598e-01
-1.200083092665788637e-01 -9.024832510293060439e-01 4.136689344373731814e-01
-1.058771536851446232e-01 -9.047952506988240495e-01 4.124749478942743020e-01
-1.187104153636426573e-01 -9.294651092488898092e-01 3.492884881772385097e-01
-1.537765658208835873e-01 -9.383560860692022887e-01 3.095813682074924911e-01
-1.726351266889188385e-01 -9.541603338189392769e-01 2.444896120485112179e-01
-2.187875607427151592e-01 -9.552318630839222724e-01 1.991584570473259319e-01
-2.869332132198913476e-01 -9.414921086504584036e-01 1.768104649058481193e-01
-2.805838949099915824e-01 -9.446912619039926629e-01 1.697972249460540095e-01
-2.896988833967180654e-01 -9.498554760112123407e-01 1.176823336368209433e-01
-2.943163936307179318e-01 -9.551946065385131801e-01 -3.132290024796013234e-02
-3.137741439874781602e-01 -9.494930366559009016e-01 -2.959713986370658863e-03
-2.935152878282764610e-01 -9.559534670826651537e-01 1.320826906127519577e-03
-3.004296254655459131e-01 -9.537845723729099223e-01 6.085198933265222911e-03
-1.971970806798381826e-01 -9.702552194745261982e-01 -1.404212250829197650e-01
-1.737143158274137011e-01 -9.784535472112392274e-01 -1.115884959409204347e-01
-1.389396248059470984e-01 -9.765593425722920440e-01 -1.644008244917150863e-01
-1.066093747684118132e-01 -9.735013993606865812e-01 -2.023103226587155135e-01
1.515065823568979494e-02 -9.711310337559451167e-01 -2.380650600805052641e-01
8.415410930869914041e-02 -9.444064385248419624e-01 -3.178278854337412418e-01
1.135651558122201393e-01 -9.207215346434499681e-01 -3.733293599881432612e-01
1.860185554394044871e-01 -9.022331778133447777e-01 -3.890660482296938172e-01
2.845192793918185914e-01 -8.230767421175780862e-01 -4.915215725067152430e-01
3.168526094087350531e-01 -8.394003382697924343e-01 -4.416010598078696225e-01
3.249864056112176103e-01 -7.801749799208691494e-01 -5.345192577198436545e-01
3.877707952485717202e-01 -7.426172479406147886e-01 -5.460342786065706111e-01
4.894787289445396983e-01 -6.147573602995660691e-01 -6.184528776457810517e-01
5.383488686385866639e-01 -5.718036711442738840e-01 -6.190485096512911012e-01
5.725860339575447044e-01 -4.709889534338770889e-01 -6.710548706775256722e-01
6.215840188238025421e-01 -3.431166005369440941e-01 -7.042047329994465255e-01
6.322817582375369616e-01 -2.838480661131236871e-01 -7.208675700597778624e-01
7.022259015069410859e-01 -2.010600171499914990e-01 -6.829741230503604266e-01
7.184161957039567614e-01 -5.678443686185122991e-02 -6.932919280364776560e-01
7.281733995862618158e-01 -3.206295919107403358e-02 -6.846425832380701459e-01
7.392396514837958899e-01 1.120948029794553852e-01 -6.640478091365960012e-01
7.455130194759786999e-01 3.364645140340026264e-01 -5.753277053885649250e-01
7.638312643669427082e-01 3.997168686157409612e-01 -5.067427597111028303e-01
7.782025597922769267e-01 4.481402639106170094e-01 -4.399671349031314405e-01
7.692538238198975975e-01 5.245170766449102073e-01 -3.648703754024751333e-01
7.641710841428377421e-01 6.084248892447148283e-01 -2.141534690531924634e-01
7.783352520649138295e-01 6.159611599344827493e-01 -1.215980462228469505e-01
7.592950416351741394e-01 6.494616436411003724e-01 4.087313527537905083e-02
7.261729243352593732e-01 6.710601135769967973e-01 1.495032037396058500e-01
7.395725614641887047e-01 6.060415478797127609e-01 2.928242964182800057e-01
6.719337096291680966e-01 5.988050522573523660e-01 4.358183099125762516e-01
6.547150150326488394e-01 5.318139331153498572e-01 5.371426157317817918e-01
6.392364499277142231e-01 4.752482102284016907e-01 6.045791095948601646e-01
5.209550710650098226e-01 4.139683368758388937e-01 7.464824378348779987e-01
4.811694305798130400e-01 3.817285997025369748e-01 7.891509711358396517e-01
4.745209031706647540e-01 3.406367123150012555e-01 8.116628257332743068e-01
3.961636994169670523e-01 3.472139452703995599e-01 8.499981173355780628e-01
3.356028199027750181e-01 2.885439950810965715e-01 8.967235416648465796e-01
