3.832312950504083160e-01 -7.352904542419204104e-01 -5.590006461487294631e-01
4.453446818089645265e-01 -7.623558953626040635e-01 -4.695546860487651575e-01
4.659324593854733965e-01 -8.207840223593737550e-01 -3.304852976012263022e-01
5.489652181367331574e-01 -7.867569307686508306e-01 -2.822245934775731158e-01
5.697142504452982203e-01 -8.181631110202998158e-01 -7.768395333102268152e-02
5.896076610198922596e-01 -8.010670161114100685e-01 1.032203553811626984e-01
6.281050144659253709e-01 -6.789928564051720405e-01 3.800694564859230518e-01
6.339374757094659030e-01 -6.417382569499514577e-01 4.316193768332793890e-01
6.216327242527502905e-01 -5.848260563553541180e-01 5.211057857536683935e-01
6.275484385517755559e-01 -5.304453299959371870e-01 5.699216693166965220e-01
6.263056335284928888e-01 -3.951097471098554137e-01 6.720338839294185407e-01
6.511454488735630708e-01 -2.376261193134391048e-01 7.207936125072705869e-01
6.462528529291189372e-01 -1.462935302417450734e-01 7.489695942362294412e-01
6.496667802248398127e-01 -9.900437629821186303e-02 7.537447897969787869e-01
6.616361877015485282e-01 9.699454242006265436e-03 7.497622794667444523e-01
6.999473805847109542e-01 1.441156059522983590e-01 6.995029353287972596e-01
7.029294120728182271e-01 1.938800478406819683e-01 6.843250460798999679e-01
7.206051237440275203e-01 2.845437743487848614e-01 6.322682153273266881e-01
7.343379955436150075e-01 3.294130472601613513e-01 5.934936837033401025e-01
8.151367399244198175e-01 3.417760775933885720e-01 4.676977742199195376e-01
8.742815986674691286e-01 2.652374076518378976e-01 4.065474188991823890e-01
8.983606456964855491e-01 3.016292880631926132e-01 3.193241657724715798e-01
9.203701453316718295e-01 2.480459275684466780e-01 3.023111202037829237e-01
9.423051477930487474e-01 1.975522683423019121e-01 2.702482372107759545e-01
9.606615376411519192e-01 1.452201708567702476e-01 2.367287732263828048e-01
9.645439216951476880e-01 1.512231924474143063e-01 2.163020323227619612e-01
9.730592526335747339e-01 1.134552865716654396e-01 2.007077198643101301e-01
9.817593357785839858e-01 8.896896747353477686e-02 1.680271687504332478e-01
9.758673917839141287e-01 1.215799265149292430e-01 1.813867556396688008e-01
9.947905590159310529e-01 9.080047275987693581e-03 1.015347055653256086e-01
9.977291331125541785e-01 -1.059076949956960605e-02 6.651625771101506157e-02
9.983126673881004276e-01 -2.745700948990534296e-02 -5.116571862416507965e-02
9.921164344473472063e-01 -1.049625187054251535e-01 -6.846787689490319018e-02
9.876969892765306014e-01 -1.187819043196755991e-01 -1.017129125542499679e-01
9.822715883339677712e-01 -1.295189531817677875e-01 -1.355262613612698008e-01
9.511911718354174594e-01 -2.682888765197404268e-01 -1.525006011730472011e-01
8.893005650408916107e-01 -4.034260769589445572e-01 -2.153878024574898409e-01
8.435100658883705194e-01 -4.630247343276370775e-01 -2.722110654360286874e-01
7.752748063945593682e-01 -5.192250054597293829e-01 -3.596586830249235422e-01
6.946574953720628942e-01 -5.562016859539328228e-01 -4.561695393879508509e-01
5.347884002636609235e-01 -5.312297641131410453e-01 -6.571120944433536115e-01
4.611310113095572483e-01 -4.389492114691229130e-01 -7.711561321543518588e-01
4.414334981760122956e-01 -3.659763779538325323e-01 -8.192665973099855226e-01
4.304201667452662861e-01 -2.389538475237457382e-01 -8.704249185383973186e-01
3.986450003120173835e-01 5.756755127801993499e-02 -9.152967501122705185e-01
3.807182861640321936e-01 2.391114540340199268e-01 -8.932408964719755762e-01
3.503652054814594408e-01 3.585046625327251713e-01 -8.652852880583555839e-01
2.775983092659176643e-01 5.453207894532677846e-01 -7.909263020552350643e-01
1.864115147893831148e-01 8.475606060940060749e-01 -4.968820445050199930e-01
1.831190979611252434e-01 9.412790760162695891e-01 -2.836566533960758751e-01
1.906598612406462667e-01 9.632239055649758352e-01 -1.893370673160753304e-01
2.324984793162962748e-01 9.725959359892510925e-01 1.265864448625725336e-03
2.396398638438118345e-01 9.496780873518719801e-01 2.017034111278472874e-01
2.570596597379420922e-01 9.259138775368900287e-01 2.767739560002250299e-01
2.483012545419985284e-01 8.781788048850645012e-01 4.088379552383920035e-01
2.641430999528408541e-01 7.824225646949048985e-01 5.639533251994806040e-01
3.120293546414752983e-01 7.015644826050521088e-01 6.406597838081691254e-01
3.276948474055178528e-01 6.315792580081102114e-01 7.026547714474008499e-01
3.865353913165777699e-01 5.489682816469867443e-01 7.410966313547070472e-01
4.498301897905991886e-01 4.796512148538642495e-01 7.533840404748203268e-01
4.347531078171955610e-01 3.747766553149446955e-01 8.188603018062562411e-01
4.857462721563725605e-01 1.717100918592797398e-01 8.570683773421260421e-01
5.169060594070220560e-01 8.544844337837503856e-02 8.517668045143087507e-01
4.957927429878598580e-01 1.537342126760022102e-03 8.684395157866547921e-01
5.281747068478768181e-01 -1.165403474943466910e-01 8.411003664557853421e-01
5.893030867269098971e-01 -2.406132404791525847e-01 7.712503747034796797e-01
6.110967894152504742e-01 -3.233314852896406189e-01 7.225077609180180493e-01
6.235333587728072446e-01 -4.074660493948586981e-01 6.672162835902974987e-01
6.926934992769498978e-01 -4.237998418460623973e-01 5.835832503685371986e-01
7.061821139306894146e-01 -5.623414182319684818e-01 4.302080325903281932e-01
7.081171786878514007e-01 -6.351500430598211455e-01 3.084712045690242155e-01
7.050225099544867868e-01 -6.621572176933500087e-01 2.539509391872316613e-01
6.379317238752684194e-01 -7.495521026056896075e-01 1.766769966716613682e-01
5.893821953234767985e-01 -8.068327197379600024e-01 -4.061514737047596663e-02
6.078241683752327873e-01 -7.703473875123345582e-01 -1.926517139603949602e-01
5.230352345815114656e-01 -7.735852963483036415e-01 -3.577707822894016787e-01
5.337458459804094169e-01 -7.095304809186454564e-01 -4.600889789443043387e-01
4.626970668820529209e-01 -6.620064386052352257e-01 -5.896260675580397015e-01
4.514564328145233563e-01 -6.027385767002184647e-01 -6.579462724476677904e-01
4.266400837503165344e-01 -5.581030978603567227e-01 -7.116875515956395670e-01
4.038333379468953543e-01 -4.791182113038602308e-01 -7.793358549172866301e-01
3.659888913917428432e-01 -4.557201664930467522e-01 -8.114008018417240287e-01
2.832756950724351075e-01 -2.963490035079146545e-01 -9.121031458673380943e-01
2.333893933287701505e-01 -2.330188584720680467e-01 -9.440506356536194632e-01
1.946209103201915203e-01 -2.260220151200716399e-01 -9.544824513563370250e-01
1.610864305753334502e-01 -1.288847654289716760e-01 -9.784885687246516195e-01
1.166253273693397818e-01 -7.451847264537986293e-02 -9.903764588531949187e-01
7.739738717772090548e-02 1.536835758942023920e-02 -9.968818676468468309e-01
6.105950030062582551e-02 1.441287658709638000e-02 -9.980300628796323625e-01
9.815531720455439313e-02 1.240298445799497586e-02 -9.950938145124852419e-01
9.110347383459049819e-02 1.324555037940287894e-01 -9.869932606507200168e-01
8.809441251819569163e-02 1.569279183940788247e-01 -9.836732195762855069e-01
9.074884343692049549e-02 1.859515628817409727e-01 -9.783591690563845367e-01
9.402693500251070591e-02 2.565280549300971713e-01 -9.619523338127594636e-01
7.256737871180694854e-02 2.819341209809666515e-01 -9.566854901029840930e-01
8.802497059970870730e-02 3.328386240088988535e-01 -9.388663669121306565e-01
1.002999810249193408e-01 3.523011099426158754e-01 -9.304965565436562613e-01
7.156703260264725419e-02 3.856854507358024042e-01 -9.198504731396144329e-01
1.064673476718721173e-01 4.421898670357308769e-01 -8.905800499509514134e-01
1.395135953408253859e-01 4.614325702937361884e-01 -8.761369412296188264e-01
1.600472506876793877e-01 4.625697233772491090e-01 -8.720172753804882326e-01
2.337561525452505340e-01 5.411217941661586872e-01 -8.078027389317511409e-01
2.880436537617078741e-01 6.397374001324890314e-01 -7.125776535924551736e-01
3.244090233328639217e-01 6.998878301778308497e-01 -6.363299543076571529e-01
3.335582226962041652e-01 7.621558900716169926e-01 -5.548489085335670534e-01
3.832601382450780414e-01 8.392962610742267238e-01 -3.856079000476869134e-01
4.243583747875970258e-01 8.809723830200326677e-01 -2.093027235934449559e-01
4.660668473580670823e-01 8.819271411305718011e-01 -7.061311160803569742e-02
4.551114736681162731e-01 8.897113927233609720e-01 3.587734931531098848e-02
4.753852464173503045e-01 8.740581718379103471e-01 1.001557773275462415e-01
4.968909575330913708e-01 8.658986566702826515e-01 5.760983161273123404e-02
4.840004275687280200e-01 7.712874452178400952e-01 4.133512585714790299e-01
5.466368476208302019e-01 7.265120308461227028e-01 4.163753425204280711e-01
5.478483634873918540e-01 6.464974810642620806e-01 5.309455505056528413e-01
5.558535295498971962e-01 6.033849536196483898e-01 5.717984360177423842e-01
5.817937378677735527e-01 4.952932907877310997e-01 6.451361117458116468e-01
5.707819138545473514e-01 4.092067522905035726e-01 7.118692581481509407e-01
5.657568831403285703e-01 3.589301244098869192e-01 7.423532278979083632e-01
5.571544351553127106e-01 3.206516827274567549e-01 7.660035468265240510e-01
5.586162904977225452e-01 2.674085607982381596e-01 7.851372501686434413e-01
4.928773490100357701e-01 3.252550607762056956e-01 8.070198660951948266e-01
4.937753530222994680e-01 3.936907328853903598e-01 7.753666923384494591e-01
4.987585521622959761e-01 4.487421682232240472e-01 7.415324491236306992e-01
5.932472733709689416e-01 4.511903630600793691e-01 6.666970293316333285e-01
5.911262015291964822e-01 5.222082656691278135e-01 6.147099650505963853e-01
6.477348668124676134e-01 5.063042230776416686e-01 5.692939276061010911e-01
7.051848611770388242e-01 4.975005868666381725e-01 5.051806386175851094e-01
8.014284304419738714e-01 4.437303680850287479e-01 4.010184924893604452e-01
8.205916500774128597e-01 4.804199608592960025e-01 3.095577571814047135e-01
9.135384563198570840e-01 3.434827725228076778e-01 2.178693962096970860e-01
9.335710180658471913e-01 3.301031281385948812e-01 1.395603060351045255e-01
9.627632246838936370e-01 2.561967641370844206e-01 8.631449033596641507e-02
9.830059428951165579e-01 1.496778398946535527e-01 -1.062819856671559371e-01
9.725991075524664797e-01 8.248032771719455980e-02 -2.173659852134406101e-01
9.513874048819328522e-01 3.672849130091448977e-02 -3.057989924096872203e-01
9.077377448026219264e-01 1.251831392940270030e-02 -4.193512590621553682e-01
7.620171658802475934e-01 2.088945480700238680e-02 -6.472198000538157414e-01
6.866919082343366787e-01 1.020617071959363520e-02 -7.268769202861844470e-01
6.148671765838398251e-01 -3.717673901514587272e-03 -7.886219208597863295e-01
5.360004436235646930e-01 -2.721739592654144613e-02 -8.437788441258289307e-01
3.603149024288563318e-01 -2.359361836746221019e-02 -9.325323116439527826e-01
2.969515992608344201e-01 3.589291969989716682e-03 -9.548857861962272153e-01
1.666891018247159684e-01 2.993659132463244790e-02 -9.855549420670222105e-01
1.463154107903483214e-01 6.605002280256352942e-02 -9.870304934767883953e-01
1.952125004986436305e-02 2.181744179294743680e-01 -9.757145300535529087e-01
-5.201729358534980946e-02 2.459768813399554055e-01 -9.678789051396486931e-01
-9.656298515593644827e-02 3.123518872849770367e-01 -9.450459715840745512e-01
-8.425932855560509804e-02 3.750241120746437007e-01 -9.231778165196473651e-01
-9.953154403648775683e-02 5.609384867391010721e-01 -8.218524720633016978e-01
-5.174484514006751773e-02 6.481831481765221170e-01 -7.597243430491109617e-01
-2.146189315598166433e-02 7.425613246610751617e-01 -6.694341388514262192e-01
-1.974371565274810406e-02 7.889074361637208321e-01 -6.141947922750634614e-01
-1.962783695852146279e-02 8.551666527529754314e-01 -5.179814128283000141e-01
1.263727815656750207e-02 9.579887237945484690e-01 -2.865273185636682540e-01
9.938823253092191057e-02 9.788512050930906483e-01 -1.788079906552940690e-01
1.521079469307682897e-01 9.877028366356058742e-01 -3.614248168684953272e-02
1.490690562845538303e-01 9.834541644445460307e-01 1.029384422609577326e-01
1.683488437831042461e-01 9.343838757142798324e-01 3.139831836293996425e-01
1.521579946054790466e-01 8.645581044509456081e-01 4.789438680115101765e-01
1.660698336789004359e-01 7.958555367958698445e-01 5.822669275282773560e-01
2.062528567084851716e-01 6.931679674432744687e-01 6.906358867088708831e-01
3.836184591310747294e-01 3.590946832406735068e-01 8.508160120038763541e-01
4.547403895584501421e-01 2.075805760674528377e-01 8.660955389238149671e-01
4.900249158124202475e-01 1.238422234061994920e-01 8.628665514347160226e-01
5.678827877429493132e-01 -3.467609865112884771e-02 8.223786886633391857e-01
6.216757114558923991e-01 -2.207059210568665386e-01 7.515372287493482517e-01
6.920231318200458226e-01 -3.306814675989001584e-01 6.416804126764452665e-01
7.388122927900294679e-01 -3.982576950503463054e-01 5.436425336151735621e-01
7.308947183503667899e-01 -5.118956823036326931e-01 4.513930893649532594e-01
8.457061434851792514e-01 -5.179184025737929575e-01 1.286143349196967323e-01
8.591936105414849090e-01 -5.116048801690259440e-01 -6.840043269148749806e-03
8.519593616011403858e-01 -5.099381300449620236e-01 -1.188627347254998801e-01
8.469609329086810190e-01 -4.778441361074148852e-01 -2.330711473224753305e-01
8.031081618405676581e-01 -3.616033451752522221e-01 -4.735612960780603564e-01
7.411733216394280621e-01 -2.930911912003983932e-01 -6.039533598968619410e-01
6.679364811665980950e-01 -2.711564476227978915e-01 -6.930620737274314491e-01
5.671269492531194611e-01 -2.271460158513702865e-01 -7.916891504332357332e-01
4.489088640043727985e-01 -1.903132354695065420e-01 -8.730760014016142323e-01
2.378807425222864147e-01 -1.248630777355907717e-01 -9.632351551700351067e-01
1.287594814594094084e-01 -1.475854932137343201e-01 -9.806322032888593609e-01
4.564444098375169262e-02 -1.546178171781057709e-01 -9.869194068506094153e-01
1.096301956186965416e-02 -1.383072200653296668e-01 -9.903286954743291126e-01
-1.092640300752747984e-01 -2.790372402656273176e-01 -9.540438094116285850e-01
-2.020074306890207172e-01 -3.350994567333813179e-01 -9.202724335996450566e-01
-2.435276033751496982e-01 -4.716509488992708943e-01 -8.474902293223049998e-01
-2.926480200629790196e-01 -5.359261830321271347e-01 -7.919218791609645702e-01
-3.000008227372641945e-01 -6.547180488448858249e-01 -6.937894369862589450e-01
-3.473289111206033231e-01 -7.782170082872028605e-01 -5.232025568671196947e-01
-3.035591200466647988e-01 -7.783797971966252005e-01 -5.495241140774761446e-01
-3.412356868711073354e-01 -8.584115834597981776e-01 -3.829983803982015544e-01
-2.965701627410610719e-01 -9.310919327752157360e-01 -2.124004503117953579e-01
-3.185740609801243073e-01 -9.252568640410836487e-01 -2.059376197189132507e-01
-3.801025988693275681e-01 -9.127626985921285518e-01 -1.496204210380332467e-01
-4.308379155769153646e-01 -8.968380979354212412e-01 -1.003001325667840504e-01
-6.708109794944292492e-01 -7.402566958148824039e-01 -4.508496524293979790e-02
-7.866140093111861908e-01 -6.080244638681649993e-01 -1.074460408447484583e-01
-7.952868875149358141e-01 -5.775044602669745508e-01 -1.844108590038998352e-01
-8.197675411445825011e-01 -5.230283987679024138e-01 -2.332862459898767948e-01
-8.042694254739187754e-01 -5.230228912531582619e-01 -2.821307258577828714e-01
-8.250368769405228564e-01 -4.239281604519245517e-01 -3.736295845674911797e-01
-7.931958638276969120e-01 -3.887242612317404755e-01 -4.687576882958522373e-01
-7.627569576165824650e-01 -3.619814061444907027e-01 -5.358836489511060730e-01
-6.992364269728188475e-01 -4.002826648103348095e-01 -5.923193458318095628e-01
-5.769504455056931880e-01 -5.208517558924322666e-01 -6.291594645354643411e-01
-4.526637712829250648e-01 -6.177312818238168690e-01 -6.430424353215142830e-01
-3.376537709856585190e-01 -6.411378895501623765e-01 -6.891532032301149746e-01
-2.153323355046631582e-01 -6.688757376172729252e-01 -7.115035016871359419e-01
-8.968153801161531102e-02 -6.979634204821915100e-01 -7.104958025271301825e-01
4.213300766192215607e-02 -6.838578470662732833e-01 -7.283977310997352683e-01
1.448479010958333146e-01 -6.524562614377420466e-01 -7.438547657028328208e-01
1.978794980707926365e-01 -6.380114147625769450e-01 -7.441674132047881862e-01
3.688680840137706918e-01 -5.796869075702744123e-01 -7.265668763352909343e-01
4.469160126474522321e-01 -4.775763776321917953e-01 -7.564303544722515982e-01
5.588138028748486086e-01 -4.137131550925689516e-01 -7.187270406906238751e-01
6.340194577207673987e-01 -3.677614629551516079e-01 -6.802726171150434986e-01
8.035363391359839902e-01 -5.257043278958929006e-02 -5.929297608353424343e-01
8.624594002907810530e-01 5.846047292068597828e-02 -5.027386557207987883e-01
9.122425108729068643e-01 1.461099097371581224e-01 -3.827081076132224924e-01
9.098176305640475192e-01 2.809675106122300203e-01 -3.054327046915388255e-01
8.654972366258243399e-01 4.726101075085533676e-01 -1.659946374851170858e-01
8.127628690387823651e-01 5.643092234582469668e-01 -1.448158107107002934e-01
7.494497097072102543e-01 6.619992167868967714e-01 9.064744525561040447e-03
6.999147509571209680e-01 7.100543276176303209e-01 7.708562268092579439e-02
6.404908244374740711e-01 7.556360019439575249e-01 1.370610680593005448e-01
4.826111057451605846e-01 8.214727357831423937e-01 3.037582344174276083e-01
3.556292653507360235e-01 8.400206529210394457e-01 4.097476397640461010e-01
2.752766822017657655e-01 8.053615876463395828e-01 5.249909155211690548e-01
2.734375865962815899e-01 7.797676549818308711e-01 5.632000448158162031e-01
3.017948921643066051e-01 6.379344093964397500e-01 7.084910249054324760e-01
3.186567324937513157e-01 5.243754545353935814e-01 7.896127338874451285e-01
3.320310023400949717e-01 5.220475640415169760e-01 7.856346188676706088e-01
3.168230015134480548e-01 4.328071963969679636e-01 8.439793341421376605e-01
3.428288682381845365e-01 2.860422323735760108e-01 8.947894771404425462e-01
3.434578461304713670e-01 2.128171916773617944e-01 9.147379684138942091e-01
3.480963969550134873e-01 1.654090971821562672e-01 9.227506320758180891e-01
3.527878116925592944e-01 9.267508210369809762e-02 9.311026200576648648e-01
3.636363341492275247e-01 2.903732302767109141e-02 9.310883150152288179e-01
2.998043831154000860e-01 -1.479449604006984886e-01 9.424593468987562117e-01
3.469104077851629109e-01 -2.574785538541850549e-01 9.018636056940591006e-01
3.695762768095472439e-01 -3.493780687037983390e-01 8.610158771639445652e-01
4.110235324937218104e-01 -6.553411067468721818e-01 6.337094677722333591e-01
3.942122115895702050e-01 -7.829722888237393708e-01 4.811975968017451755e-01
3.222116152143386647e-01 -8.872072480320940535e-01 3.302165563085610045e-01
1.868352112195758585e-01 -9.483645147053855196e-01 2.563149451283613933e-01
1.012973335986027817e-01 -9.747074843331653415e-01 1.992088607234265007e-01
-1.461833630014750807e-01 -9.767505431783443104e-01 1.568081655475515590e-01
-2.178887555814154608e-01 -9.623115464433227295e-01 1.627297691666871049e-01
-3.163862530122149019e-01 -9.415167444973370214e-01 1.159567106123090413e-01
-4.318880010372066480e-01 -8.863008559168344958e-01 1.671632356745123837e-01
-7.840931427142007193e-01 -5.447369392612868566e-01 2.974216040451889143e-01
-8.469958734516703780e-01 -4.262876128391306918e-01 3.176111797398786796e-01
-8.870231477252303876e-01 -3.716755243470157288e-01 2.739475132228710308e-01
-8.851736244760786132e-01 -3.425898713563217957e-01 3.148012620304129205e-01
-9.407366573057003301e-01 7.147271662153242833e-02 3.315210285638533483e-01
-8.963952117349615056e-01 2.456937661025957731e-01 3.689311557417677689e-01
-8.686927431878154193e-01 4.047229908254930675e-01 2.856085058784071928e-01
-7.580678033754847389e-01 5.744765807803274837e-01 3.087229560956091801e-01
-5.862601270494627315e-01 7.877967442395915620e-01 1.888792026599207807e-01
-4.837949048840668453e-01 8.582866973104834596e-01 1.711327999773251674e-01
-3.557031578790741944e-01 9.215622052300256328e-01 1.555582378610230465e-01
-2.265802039398649992e-01 9.544975908043280555e-01 1.938962617775356612e-01
7.133984320595783413e-02 9.946163914800648653e-01 7.515890213756244720e-02
2.029545560211374888e-01 9.770800704050657259e-01 6.421825447250052721e-02
3.226039948339325392e-01 9.455392337823180782e-01 4.338455826137652127e-02
3.923725108545841889e-01 9.182741655839707917e-01 5.306947848558075248e-02
5.747322561162065968e-01 8.162420542750271624e-01 -5.858107725587461539e-02
6.531715007013635388e-01 7.347280377371157023e-01 -1.831439358387170202e-01
7.114442937482630125e-01 6.595643113568827598e-01 -2.425323402710579945e-01
7.711345437285467286e-01 5.409700196674799288e-01 -3.357126051990493298e-01
7.775305359340142219e-01 5.425671058754981679e-01 -3.179106813431260559e-01
7.799264864362136507e-01 4.913525191664452341e-01 -3.876691600631274048e-01
7.790174114305340458e-01 4.330663443514099487e-01 -4.534152777291211578e-01
7.519890484314075696e-01 4.547760642416543986e-01 -4.771699932226425300e-01
7.585337963817166962e-01 4.350092177770207846e-01 -4.851736392218408134e-01
8.517339184465408941e-01 3.872683937494010853e-01 -3.529483296042921214e-01
8.715396003844316786e-01 3.586959223758721671e-01 -3.342992076458866091e-01
8.987669969189028274e-01 3.161287819755352335e-01 -3.037770209479999095e-01
9.471556854056482067e-01 2.233481862251885386e-01 -2.302426878614722838e-01
9.762532425317365092e-01 7.912428099251705982e-02 -2.016654521817945467e-01
9.849657511856447778e-01 3.186680884182417281e-03 -1.727203348081537693e-01
9.761582318658380553e-01 -7.343674343379003044e-02 -2.042600085048476843e-01
9.578026612036345533e-01 -1.601737792317722564e-01 -2.386596376387242202e-01
8.899389713686760572e-01 -3.795897698754108762e-01 -2.528245119548249153e-01
8.557488181228182222e-01 -4.307868030036372531e-01 -2.865600995241754378e-01
8.038288222581453368e-01 -4.880454624930740115e-01 -3.401041767561882034e-01
6.919827739504802455e-01 -5.848475723644321889e-01 -4.232176244619645922e-01
5.644665584390857749e-01 -6.892317592568127926e-01 -4.542434220059692329e-01
5.295001397756693429e-01 -7.055087105700015293e-01 -4.710488947947980010e-01
4.196711991911203365e-01 -7.406793899997046182e-01 -5.246619157125400612e-01
2.802527825838558306e-01 -7.675563244083496439e-01 -5.764682703451686763e-01
1.641306033549860544e-01 -8.028787638942472826e-01 -5.731028141005537480e-01
2.420925115539018097e-02 -7.671411152447044079e-01 -6.410213892372126354e-01
-2.699397514325157024e-02 -7.488729880384555893e-01 -6.621635546391243521e-01
-1.136175567434231787e-01 -7.575601151422867163e-01 -6.428014644859331161e-01
-1.832977830228861849e-01 -7.445984772735844137e-01 -6.418528105264901251e-01
-2.142464769389909873e-01 -7.344146602735336371e-01 -6.439981008469981560e-01
-2.107349099696008143e-01 -7.612378574969048683e-01 -6.132762200131568475e-01
-2.077003295640099112e-01 -8.223227658963383480e-01 -5.297601738405762761e-01
-1.629161138054836810e-01 -8.825184637660294928e-01 -4.411570026357576335e-01
-4.107244004781165220e-02 -9.824483506763473928e-01 -1.819568435696876096e-01
-5.690255232789389467e-02 -9.962912795580955994e-01 -6.454289902896952202e-02
-3.638677048049019942e-03 -9.985325315273859692e-01 5.403280032396925309e-02
3.067780542343268371e-02 -9.502951757364156427e-01 3.098353614849295168e-01
1.163893269691787108e-01 -7.111778408889480874e-01 6.933106109069698819e-01
1.346071984038574865e-01 -5.595715444386986093e-01 8.177778358407338244e-01
1.666328566311398307e-01 -4.112256273320108457e-01 8.961735180847177906e-01
1.910173743840923033e-01 -2.724251394424955230e-01 9.430254005503481141e-01
2.436197018050242635e-01 -4.064786939509971303e-02 9.690186745393868373e-01
3.385983427015205049e-01 5.519081199930807313e-02 9.393109903491180246e-01
3.569147887819965059e-01 2.209347387341512037e-01 9.076341084209953447e-01
3.929177717476379228e-01 3.453560716996743607e-01 8.522586511060129544e-01
4.444571491311193334e-01 5.684966938059495822e-01 6.922928222348853078e-01
5.516181838168798812e-01 5.906424850139815330e-01 5.889472252919405459e-01
5.848727264322667319e-01 6.396095224321656225e-01 4.988221653954282853e-01
6.454137550746649188e-01 6.377580853107491787e-01 4.203637821948837394e-01
7.503674078587740937e-01 5.692379287921701669e-01 3.360311498175492795e-01
8.608793705966029108e-01 4.994721856033337848e-01 9.702703277863096443e-02
9.219507914025708573e-01 3.839684098638639909e-01 5.074444263945760564e-02
9.388219292275484795e-01 3.443405116398018939e-01 6.557228462034178293e-03
9.723244161247096562e-01 2.330959676412213966e-01 -1.585874134806978045e-02
9.806480145322612474e-01 1.762273717505551673e-01 -8.528414295650497967e-02
9.969892497344825522e-01 5.829482698340437280e-02 -5.112874984632717612e-02
9.991999835150092713e-01 2.192580825728070171e-02 -3.344625354012412122e-02
9.964909385983815593e-01 -7.625312508631172659e-02 -3.451478242561804854e-02
9.884819574851022583e-01 -1.513106480866141246e-01 -2.916762251066721927e-03
9.762804914322832373e-01 -2.144410726458303995e-01 -2.985679840915793012e-02
-1.041463080207178232e-01 -9.943669195509599046e-01 -1.969710203021025202e-02
-7.254566088168962201e-02 -9.850797496910430606e-01 1.560609298827567437e-01
-1.580269506530292689e-01 -9.500428857991863874e-01 2.691579424978190471e-01
-2.899934791044185278e-01 -8.587392086889015230e-01 4.224579902632620843e-01
-2.812315105749720323e-01 -8.568445409694429582e-01 4.321183519252381755e-01
-3.264557679933037249e-01 -8.659708312813910736e-01 3.788418547543536130e-01
-3.500663052335863390e-01 -8.445360145101696858e-01 4.052314180013487088e-01
-5.200406404530030224e-01 -7.084592620929757167e-01 4.771196980128852849e-01
-5.514318048889311763e-01 -6.682492385639435817e-01 4.993655171471547694e-01
-6.347783099725364808e-01 -5.673374830210330400e-01 5.245804776655050849e-01
-6.691241045288024436e-01 -4.308597772729993447e-01 6.055020933628471047e-01
-6.912364978722915776e-01 -3.172250454808266396e-01 6.492768088642446589e-01
-7.174063561291658120e-01 -2.869683987386991569e-02 6.960636548238429144e-01
-6.742912918248897824e-01 4.707944444362759107e-02 7.369632146043659793e-01
-6.166217222429110079e-01 1.895065314956068947e-01 7.641105457842410908e-01
-5.696145034255124528e-01 2.453534083333466231e-01 7.844367549436453979e-01
-4.600636636321014938e-01 3.627070488524455905e-01 8.104227428436088232e-01
-4.239292830114245736e-01 4.121203689668704317e-01 8.064990790373105511e-01
-3.681998551352796967e-01 4.699681372323776807e-01 8.022211768986706737e-01
-3.285192902595530651e-01 5.051567309191502542e-01 7.980549812728674475e-01
-9.965310404674833367e-02 6.244222563466204079e-01 7.747038819012354027e-01
-6.237732475123446141e-02 6.142172512286544483e-01 7.866678064151315652e-01
2.265462029379747971e-02 6.455755251214002621e-01 7.633603405624189708e-01
7.332694608981127349e-02 6.096956505682052940e-01 7.892365758474164661e-01
2.572240205258353174e-01 6.139042370600947818e-01 7.462957798247203955e-01
3.124113461976691375e-01 5.965119525468222106e-01 7.393055127859778919e-01
4.030091763100983604e-01 5.735881016907083962e-01 7.131481567028730151e-01
4.870016278819367384e-01 5.514034054442442656e-01 6.773357357358564812e-01
5.991709105171437733e-01 4.707174673435597367e-01 6.476258842323412424e-01
6.653252332747576769e-01 4.190385833962056439e-01 6.178583976876825812e-01
7.307488257398855325e-01 3.976263355987761927e-01 5.548868811911739085e-01
7.698823419446476635e-01 3.348768228514227840e-01 5.432666868847764174e-01
8.208932717844307225e-01 3.181453396954409540e-01 4.742549727405346860e-01
9.120005846704389851e-01 2.370108879626367793e-01 3.347846659390777413e-01
9.464956414168814725e-01 1.540575080186856460e-01 2.835705996783136618e-01
9.666695301878203139e-01 1.354045371080300486e-01 2.172915799956795513e-01
9.766160186089801742e-01 7.659622842747780547e-02 2.008834736533348653e-01
9.865734295781426466e-01 -1.673934309763574352e-02 1.624581867530262291e-01
9.836379395350972610e-01 -9.871981084304332077e-02 1.507010379999490779e-01
9.860601368855768101e-01 -1.179611472907692027e-01 1.173480897801198186e-01
9.743954272230519464e-01 -2.126273942017611052e-01 7.309680322541652064e-02
9.620418344413422806e-01 -2.570547270747838842e-01 9.164265422413989115e-02
9.553406545563148944e-01 -2.911721054781639673e-01 5.042855087472711273e-02
9.280148363661909761e-01 -3.686818427278544252e-01 5.349918062013135633e-02
9.054995418160286524e-01 -4.200870162504729555e-01 5.997898422561764864e-02
8.770764293854151905e-01 -4.795612410285780558e-01 2.753094839740927169e-02
8.262695325025986026e-01 -5.586344256074599057e-01 7.215426656934834093e-02
8.120700808797179926e-01 -5.807149999435989862e-01 5.755234643795360816e-02
7.320682466136877453e-01 -6.781739891516662677e-01 6.446799778243728074e-02
6.805475632356476900e-01 -7.299367919018667772e-01 6.361834642642620607e-02
6.521370524177146910e-01 -7.564782477574288899e-01 4.957747002202593511e-02
5.992418166918966893e-01 -7.952243203541926597e-01 9.234460160186803990e-02
5.432671351303015594e-01 -8.393063767658777152e-01 2.063070060489978486e-02
4.884457502496971637e-01 -8.714247803419814531e-01 -4.516194491980764919e-02
4.060584860662671547e-01 -9.138039209556307885e-01 8.882563801431922132e-03
3.008130839221720976e-01 -9.536830023947886481e-01 -4.684917223728547546e-04
2.137192761459685564e-01 -9.759167261691438222e-01 -4.371057751784328260e-02
1.998155228255904248e-01 -9.748948568085679112e-01 -9.825362591852784822e-02
1.114457911336084739e-01 -9.821254651296843496e-01 -1.516885176353346409e-01
8.279155496223812583e-02 -9.886940077377353031e-01 -1.250188685376318054e-01
8.067761427385145012e-02 -9.840904887340319318e-01 -1.582941329875927894e-01
1.343413966653556613e-01 -9.677840648417749270e-01 -2.129469252662095635e-01
1.684695670220912600e-01 -9.496262750524654406e-01 -2.642497733534850957e-01
1.763450435148417872e-01 -9.280470004058145594e-01 -3.280719291032357376e-01
2.514613776490183250e-01 -8.996033111816724714e-01 -3.570448964231654476e-01
3.039750319801873268e-01 -8.544972858137606098e-01 -4.212286415589048816e-01
3.164345814976062266e-01 -7.897497579435134307e-01 -5.255135349927695376e-01
3.599031299029516462e-01 -7.511907571958066354e-01 -5.533373142935961164e-01
3.235249078350855290e-01 -6.633039699407194956e-01 -6.748032879818980367e-01
3.949895102259966539e-01 -6.240163350661743769e-01 -6.742305988176504616e-01
4.082746113646520403e-01 -4.374319057943039657e-01 -8.012272895428647068e-01
4.072986526855867928e-01 -3.691231040090061644e-01 -8.353777239113227004e-01
3.821557659664385764e-01 -2.528430548760527419e-01 -8.888348328792869957e-01
4.127317860533982752e-01 -1.612454855717151136e-01 -8.964666006962632716e-01
4.768048545803911797e-01 4.730747161849549465e-02 -8.777352298829285138e-01
4.909389148180251516e-01 1.514026454137491762e-01 -8.579371893553852102e-01
5.012175598878215732e-01 2.906353757893891387e-01 -8.150533945698641425e-01
5.320541233868659736e-01 4.090589172850633282e-01 -7.413428437481578426e-01
5.234263463300541375e-01 4.926955704128926361e-01 -6.951805052380888306e-01
5.634988315244328083e-01 5.947271510071929779e-01 -5.733835389383499237e-01
6.023046656478542316e-01 6.118283404170026252e-01 -5.127330412616326605e-01
6.265237156092972048e-01 6.786976677542249092e-01 -3.831938276696225110e-01
6.506549347025400998e-01 7.128007601897201617e-01 -2.618458176488418498e-01
7.247408627586023888e-01 6.759203338847200593e-01 -1.337250316473519995e-01
7.368350231318310239e-01 6.747115331669547578e-01 4.287768298090868097e-02
7.627527216080201011e-01 6.379266821844564728e-01 1.061029398117201428e-01
7.473595919723310388e-01 5.977062080877096895e-01 2.901739635121700078e-01
7.492117435305976070e-01 5.055534261590591827e-01 4.278989327571158796e-01
7.393960343369321286e-01 4.488783639739367670e-01 5.017984842174201265e-01
7.200622702940824293e-01 4.189749768506842442e-01 5.531458177297379208e-01
6.700504152135459135e-01 4.615472068590114607e-01 5.813833648401022236e-01
6.571750753963063740e-01 3.479748751316375510e-01 6.686063165682630816e-01
6.233427048296199535e-01 2.952907614257525570e-01 7.240491962237736168e-01
5.778280341184613977e-01 3.006889500151044281e-01 7.587495755027533484e-01
5.158025601434149676e-01 2.200205899667871667e-01 8.279726196802437155e-01
4.507087023836537920e-01 1.763763269031164149e-01 8.750731723140688922e-01
4.467156677137298360e-01 1.217882521919803201e-01 8.863479755982405228e-01
4.089290023136498697e-01 1.192332860366159125e-01 9.047433307671702840e-01
3.912613965617076084e-01 3.696156626083289820e-02 9.195370368724297139e-01
2.939741919235649981e-01 -7.196434536079615585e-02 9.531003659005062856e-01
3.114069432585940822e-01 -1.397310804763553516e-01 9.399473074801848460e-01
2.456247713650678288e-01 -1.954126399708435713e-01 9.494642551626066851e-01
1.947315038966355716e-01 -2.149137464803275166e-01 9.570223210374688705e-01
2.453229245400032621e-01 -3.102609968327028622e-01 9.184523812041195390e-01
1.088519981773825862e-01 -4.049786922033121739e-01 9.078234968065577171e-01
1.100563735525036252e-01 -4.195365692806535818e-01 9.010419866336368822e-01
4.123942396224046514e-02 -4.650154619216358420e-01 8.843415234427648430e-01
2.507079108998159361e-02 -5.422062077952937154e-01 8.398713494710777772e-01
-6.080739761021271284e-02 -5.609593199138012132e-01 8.256071110387307455e-01
-4.313375552782636874e-02 -6.060183084323107483e-01 7.942803591798719420e-01
-7.719138424163371481e-02 -6.535940755477774866e-01 7.528985818871665181e-01
-1.104874250115551598e-01 -7.211085884673671398e-01 6.839553585965367777e-01
-1.300695574391610709e-01 -7.019168844130712070e-01 7.002817987092254670e-01
-1.149871859025667631e-01 -7.520415058373195460e-01 6.490081051698396442e-01
-1.625152892557403250e-01 -8.115512572778607048e-01 5.612248547319037550e-01
-2.066874017539383213e-01 -8.229458498525232812e-01 5.291884788680818463e-01
-2.485284411267751903e-01 -8.442485461946288572e-01 4.748452444737662481e-01
-2.750278453764380959e-01 -8.787572820586601052e-01 3.900581027186471039e-01
-2.885708551307912262e-01 -8.879043613662424006e-01 3.582634598111970048e-01
-3.288277574781624524e-01 -8.835395663737167782e-01 3.335118297212668059e-01
-3.257288165492390197e-01 -9.136492121242754116e-01 2.431992089915648303e-01
-3.411873842199578677e-01 -9.098316532844027416e-01 2.362150112311099115e-01
-3.283559650440026068e-01 -9.156076062591124165e-01 2.320454084451574472e-01
-2.957478217184629776e-01 -9.362721283246502324e-01 1.895461096177235849e-01
-3.066141143676850978e-01 -9.239489603024961806e-01 2.287052767787755292e-01
-2.196087909054677823e-01 -9.672775737263874518e-01 1.270672039632236294e-01
-1.900902275265470009e-01 -9.772349512176212727e-01 9.422078070998388122e-02
-1.552965538223471942e-01 -9.864287332239840556e-01 5.330417095339835820e-02
-1.067834544935169633e-01 -9.897925200050022854e-01 9.438252586458080462e-02
-4.671814291347592581e-03 -9.996108154556123671e-01 -2.750257761361117950e-02
1.301813577973295888e-02 -9.995088014891599926e-01 -2.850761102799477531e-02
6.314943102178326162e-02 -9.931399824110765939e-01 -9.841303113994408214e-02
1.148222673039110686e-01 -9.802176542692251360e-01 -1.612116533943094843e-01
2.205031901878191092e-01 -9.473161766550947105e-01 -2.323153128068997098e-01
2.664902758831335650e-01 -9.224804403402456776e-01 -2.793076619955095485e-01
3.069955996259404185e-01 -8.977056789764167322e-01 -3.160351495384650655e-01
3.689441861292422353e-01 -8.569674022345152853e-01 -3.598431033504150278e-01
4.430430628939265314e-01 -7.730451209863837825e-01 -4.539978913395033011e-01
4.984732070185697306e-01 -7.233694965319522607e-01 -4.777667143823772222e-01
5.484043295216931568e-01 -6.225703224313521300e-01 -5.582641713289366869e-01
6.171637124240685335e-01 -5.724977569334792626e-01 -5.397733509289582843e-01
6.935792941202393314e-01 -4.307686823432678169e-01 -5.773959690540932943e-01
6.997845384470833263e-01 -3.535222630441557934e-01 -6.207443993162896634e-01
7.136394467702823485e-01 -2.963632928513482145e-01 -6.347342267939483085e-01
7.196908505683441426e-01 -2.178370016583079660e-01 -6.592360126060559100e-01
7.853490923733680296e-01 3.197341522197416630e-02 -6.182269031895736289e-01
7.809098559634120029e-01 1.071699358363519955e-01 -6.153815090754966022e-01
7.826151504613947374e-01 2.066414917947817231e-01 -5.872076465247330068e-01
7.769236761525680768e-01 3.071132702345240051e-01 -5.496098986366927397e-01
7.686342179860909951e-01 3.868075333298863216e-01 -5.094912865792301515e-01
7.765935006152158149e-01 5.211754717585574959e-01 -3.539472594037844644e-01
7.910220877345941481e-01 5.599354544672875411e-01 -2.464880190729686338e-01
8.137862617857990477e-01 5.465955803964291926e-01 -1.974466804476225634e-01
7.771178910096685488e-01 6.190139809605970100e-01 -1.136198699523917471e-01
7.092011167176086595e-01 6.918017993507628027e-01 1.358088600259343137e-01
7.398529112352804082e-01 6.357060115247178400e-01 2.202170217036273359e-01
7.147384373742481367e-01 6.039398625982196345e-01 3.527117924094136936e-01
6.116185189437298719e-01 6.350333685221448698e-01 4.718637601559328987e-01
5.572831121757382267e-01 5.674429948044038552e-01 6.061715768090191192e-01
5.074035506360075054e-01 5.470634429025315049e-01 6.657801635987673494e-01
4.834263112419949215e-01 5.463630147207996224e-01 6.839491631284866369e-01
4.150775415395339119e-01 5.419376984528717633e-01 7.307627285960200947e-01
2.916703803049199295e-01 5.239826670068516989e-01 8.002315626924310088e-01
